0.8074045869635172
0.8100893512566385
0.811032218536402
0.8042539048659858
0.8047685252789474
0.8072736415047194
0.8044543822204993
0.8013631955090579
0.8068649475822663
0.8162101364696518
0.8156081186301238
0.816268469308272
0.8126727097589409
0.8110858373385819
0.8130989251641184
0.8092032850672884
0.8098806837398509
0.8099484740269187
0.8162098904518018
0.8152852019475805
0.8172261430741867
0.811530505617849
0.8112615838158229
0.812198227840826
0.8090374129313048
0.8097190025543268
0.8105006670141846
0.8153781780954
0.817101598699316
0.8166522907508543
0.8122579878602512
0.8126975825197036
0.8131268447816303
0.8096373371043777
0.8098479287234909
0.8087712527284031
0.816065958227974
0.816248633481114
0.8160413014040715
0.8126650713251283
0.8123684528051699
0.8125705097616883
0.8099893179237376
0.809734688917936
0.8090787250135317
0.816273079892367
0.8206528452456778
0.8179566294436924
0.8197940006346448
0.8190713325965057
0.8143591747861226
0.8156207301839646
0.8154369682157079
0.815067060026677
0.8379173433488856
0.8381728852837813
0.8357741247580197
0.8338191769865609
0.8348206309196782
0.8342357057789664
0.832213355945232
0.8321088778726734
0.8319453738336555
0.8378433206312492
0.8389280355080035
0.8376701084614225
0.8353645240265155
0.8346480969989216
0.8352016730924696
0.8327828512012871
0.8322202974889535
0.8331604106770717
0.8386134495103882
0.8386332907170553
0.8383302076911402
0.8364181283835006
0.8357040277446526
0.835721555909204
0.8334187420279214
0.8330559509220825
0.8332789920468985
0.8401551223455754
0.8391291809143528
0.8387158564900016
0.8348423139187757
0.8369306332204239
0.8367281184970405
0.8342818427223323
0.8341955873040652
0.8336475670092731
0.8091812281763435
0.8134381610995242
0.8130928908039708
0.8075202967862444
0.8049314349268888
0.804636441275122
0.8014380801696177
0.7979619871049962
0.8075588784568811
0.840425174392481
0.8397549042686151
0.8416568855353012
0.8361546747163617
0.8373748626292032
0.8383230413496893
0.8334201193716598
0.8348082041066517
0.8365062509340694
0.8416511138677796
0.840623318250827
0.8409060424136111
0.8392299255054008
0.8378617756758686
0.8396813287545986
0.835497142156232
0.8362042911307311
0.8344042476453367
0.8422463927878641
0.842837576269312
0.8435622841192314
0.8390041499088265
0.8405017728363473
0.8394649592457786
0.8361844267462104
0.8384469278188871
0.8359847225312235
0.8445508379808327
0.8438448043979794
0.8439474539311073
0.8410818668511757
0.8410022529679153
0.839706239503889
0.8377565586560122
0.8385156591497938
0.839488763949469
