0.8583239269886269
0.8591441196900403
0.8614233971355411
0.8605538458776356
0.8612328471002361
0.8577777386805776
0.8586173107701376
0.858641742481371
0.8581426467413795
0.8601935927052724
0.8601396111118025
0.8599509413426325
0.8608453852791038
0.8607507991503734
0.8615723836912597
0.8608559942861824
0.8602710615358486
0.8586380687362455
0.64517901017045
0.5855670380934201
0.6566834039061151
0.5189494603757795
0.569684738296239
0.594720083345706
0.5938440791856665
0.6537019611672609
0.6419505604497624
0.860847258361211
0.8604906543176117
0.8594222935413631
0.8620014335402448
0.8609090551196272
0.8619313086079059
0.8596136988973475
0.859957832206611
0.8603457794241758
0.8599324646012269
0.8598545174561038
0.8584775196767266
0.8586975498308863
0.8603135016328419
0.8608389385629798
0.858952185390837
0.859246977014158
0.8589623416530607
0.8605511000425154
0.8608790430443476
0.8594541058029959
0.8606802666712714
0.8604869512916136
0.8613883618307858
0.8605086385806994
0.8593908941549315
0.8613338899720869
0.8590200169435068
0.8590122135419808
0.8608947470360635
0.8600985287046127
0.859857256515766
0.8598420909495049
0.8585490381168672
0.8602314072968422
0.8607060960100569
0.8616097541179515
0.8602757097679958
0.8620429573885104
0.8636524261115837
0.8615087706079629
0.8620101806498287
0.8636606964047114
0.8610202309992415
0.8613186855235508
0.6241382090431759
0.568921687903165
0.6402252760118989
0.6342263337589545
0.6306071297766417
0.6480559563138275
0.48565391150833914
0.4538776514086279
0.5798505444353488
0.8617772356305025
0.8621052185530591
0.8630121289679252
0.8622113303121186
0.8599596770292713
0.8644181778524285
0.8622846271992666
0.8616743917381342
0.8621568785244367
0.8606996173914006
0.8606493488339018
0.8598148535986713
0.8594024342724831
0.8615387418772823
0.8609556432586853
0.8585254982593087
0.8601179084843059
0.8616097647918511
0.8604371425268074
0.8600284208130609
0.8597120054673859
0.8611378939923698
0.862130163647792
0.8646649688644175
0.8602923151637182
0.8632888973777885
0.8619469833868442
0.8577772535054539
0.8618570498313207
0.861834422579405
0.8606774604358394
0.860827391618899
0.8585822017695113
0.8609989788183917
0.861476006381747
0.858826738811843
0.8620535475502831
0.8631486612172399
0.8607697791972105
0.8623169570833159
0.864484592302361
0.8634194523391215
0.8621794293226319
0.8651405636291258
0.8627178387944456
0.6081024060730982
0.6175469333588983
0.5835300758359229
0.6670679640491508
0.6115509450629633
0.6479311084584578
0.5938210430931812
0.5809730434790163
0.6021653764380466
0.8622237617045375
0.8638249192944748
0.8612135291168033
0.8646621887264146
0.8623040231174874
0.8618312151981445
0.8597488814069557
0.8620636843543454
0.8645482405737763
0.8606322803939479
0.8597474874565361
0.8610202205296271
0.8595090106589842
0.8618279751142353
0.860012729521072
0.8609879022557845
0.8607531412861006
0.8593908996706308
0.861918844785218
0.8633345647057501
0.8617785969804153
0.8609653095110366
0.8616272284193162
0.8642193235445642
0.862281425452872
0.8607374138526627
0.8647429148008536
0.8596003481238285
0.8611604762675034
0.8616088522713274
0.8616563261695533
0.8596174072858311
0.8594974761592743
0.8604149880567155
0.86285108513188
0.8614801174652218
0.8626476925653789
0.8619483782054754
0.8635541448218336
0.8608190894062151
0.8628557313892712
0.8620485262444928
0.8631814228728674
0.8642783927173345
0.8654505885903092
0.6100305476992618
0.5592374317454357
0.6118700772756971
0.6418983262923874
0.5690739032092226
0.5401791434372564
0.6463503598155625
0.669659512388148
0.6071155954001628
0.8601543308448566
0.8644854998349217
0.865105047524354
0.8636348110066734
0.8633050177686247
0.8640652203840287
0.8637184291333344
0.8611489152277467
0.862858967336406
0.8607798821069604
0.8620982943565524
0.8627191584872099
0.8611987217113686
0.8636201139833195
0.8611747563469766
0.8589914073475517
0.8617638217669169
0.8593235510970192
0.861015149820876
0.8637008272899358
0.8640191676231721
0.8652706566697959
0.8637718718076602
0.8620877013347874
0.8634249970043364
0.8642580652119752
0.8627371918979018
0.8624876390825029
0.8630836130541117
0.8618611757765408
0.8628336020462537
0.8621923551511015
0.8613717247197927
0.8617209474979945
0.8624848475556025
0.8626933983840692
0.8601663219538154
0.8643812653458154
0.859817673078591
0.8622813872855948
0.861699171889625
0.8632339945476281
0.8626863911967166
0.8640693941660234
0.8619727729921666
0.6156743822356823
0.6627935775723172
0.6538344156166858
0.666076734707387
0.6519166135561164
0.640603888495749
0.6460389044901305
0.6520819371109063
0.7025537246120502
0.862493140524383
0.8640048105281941
0.8620022992283959
0.8636805437229096
0.8607328413251902
0.8628008416844322
0.8615839046060063
0.8609385250752954
0.8614095203468903
0.8628811300289755
0.8614718275436948
0.8645681114698863
0.8631228003674684
0.8638692135942222
0.8624059623883582
0.863700839223594
0.8629982904146468
0.8638369250779174
0.8592898661618495
0.8613238290259135
0.8614561260374481
0.8596870484730426
0.860947754108464
0.8630208297898969
0.8617237255250506
0.8627395136732081
0.8659201257659447
0.8644273801412652
0.8627865669504204
0.8603698073679211
0.8635596871207453
0.8623722527517081
0.8604408108753999
0.8642760731891652
0.8623847117736947
0.8634042197503048
0.860812128285166
0.8610682447699423
0.859465175266694
0.8628653744382332
0.8565432680240438
0.8558480017426673
0.860110965238208
0.8609206180660453
0.8622039139266977
0.6471461733027724
0.6699111867261986
0.601403808201893
0.6250591576787834
0.6091817732208505
0.6014394683702611
0.6473148523178992
0.633407686755658
0.6658739974834186
0.8549970784993274
0.8580766514313936
0.8566706440848725
0.8605247473443054
0.8578888387533743
0.858587732424169
0.8588622015981884
0.8587787070470243
0.8614778044401297
0.8637848093825266
0.8636500882658449
0.8625789525268173
0.8609196560574419
0.8643106815060193
0.8614551951823316
0.8619049935832835
0.8628451085248493
0.8629331841664385
0.8603550328694208
0.8582561422342823
0.8543627518852166
0.8594757482514893
0.8608241098608174
0.8594337594353071
0.8575101804075057
0.8606141632774124
0.858906470140982
0.8561161268538549
0.8534373179816909
0.854672664608729
0.8537473263787525
0.8521414845173613
0.855910375281077
0.8556248032767837
0.8554056802466146
0.8536001262882339
0.8612439270505721
0.860387327020591
0.8593609297461887
0.8601603773003879
0.8606608937010833
0.8609159749750745
0.8592945001621308
0.8602858357108975
0.8588470252558853
0.5237960668822013
0.4677907225015606
0.5366994075586231
0.4730512982967401
0.4872861435266039
0.5649761607939293
0.5644572643382915
0.6163188043435661
0.5180148087152004
0.8594615087907151
0.86124024658106
0.8594587243457001
0.8621517940264374
0.8610442058118221
0.8604699051868371
0.860057049084084
0.8607337491812028
0.8612218078707414
0.8557931876233372
0.8547972341447216
0.8549854623876968
0.8569044602740012
0.8567166727571042
0.85518980053487
0.8530678477438645
0.8561760722695094
0.8524542816153785
0.8603804191839206
0.8596372409679949
0.860227726486855
0.860146059598398
0.8611507837645093
0.8608832142727776
0.8603573242913573
0.8593512430653215
0.8597387369762473
0.8544092553991476
0.857651346861387
0.8573980617561409
0.8566322684432661
0.8531069894846072
0.8550606362213461
0.8564288673819069
0.8566424740403559
0.8554776465287661
0.8608643740591315
0.8622108457668741
0.8621472168004063
0.8631481767571142
0.8596852252875855
0.8637234712591872
0.8613790950559339
0.8616365049317606
0.8611913445486982
0.5473561412595122
0.48755120089607684
0.5613441761064724
0.5614413387945332
0.5543240567692858
0.5950278406224626
0.53389161163287
0.5173992449225799
0.48078650686824026
0.8620909125974657
0.8611272699533086
0.8609417880391426
0.861027630446018
0.8609593606186922
0.8618510490164987
0.8621490064320263
0.8604255937611839
0.8604209693282577
0.8553905100669139
0.8565972130845179
0.8552373223039181
0.8534760163236248
0.8565012675806312
0.8561982540116698
0.8543954387384286
0.8552917318386196
0.8566249103812581
0.8612375062786631
0.8617559894079699
0.863420401324546
0.8638369425442987
0.8632501515736027
0.8628303571446194
0.8615594969663742
0.86254899334437
0.862192847459182
0.856065812859932
0.8590001571639141
0.8568971243599091
0.8545213791746654
0.8548401732571582
0.8571558966411219
0.8572776887969615
0.8554402849884786
0.8554112425314242
0.8601308264648209
0.8641058969979026
0.8606655376262186
0.8627113191655436
0.8635149453875576
0.8634951324403373
0.861494457791793
0.8650178397840051
0.8625738841332978
0.4979199656127644
0.5409846164673267
0.5915801578640482
0.4945820356792935
0.5548964463747073
0.5070166303084037
0.5905489544344311
0.569554664303032
0.5416957114926839
0.8636169281200958
0.8658961862606491
0.8607918908014666
0.8643572617971225
0.8623727593767734
0.8627492109258323
0.8603324327533836
0.8607272480911791
0.8622039045636279
0.8565270768484
0.8566452429596986
0.8574004030747272
0.8552363802982365
0.8578976510809948
0.8561114577675975
0.8568827446063022
0.8563056923070465
0.8555163990913858
0.8625415828661949
0.8628142271864283
0.862449313456713
0.8654593096875827
0.861602848817822
0.8634070113793477
0.8603074732395234
0.8639693348208123
0.8602936763944646
0.858108459181729
0.8562148369019772
0.8592704909955963
0.8578316763527383
0.8555860846765718
0.856569585278779
0.8547718665904089
0.8573219629235492
0.8572587487559679
0.8632939939115885
0.8622043647478671
0.8607259073059723
0.8614855986317999
0.863488187645077
0.8629267762134232
0.8614344538654641
0.8617956798735442
0.8630554442693535
0.4914008430400557
0.5829221574494099
0.5889933955964812
0.5622482903597186
0.5955844888966715
0.5814553130910436
0.45577124750795983
0.5260024674146646
0.5619406645362055
0.8634895891029759
0.8617121718736073
0.8621190857403075
0.8647069599617841
0.8622320379389586
0.8633848629016206
0.8657919077480909
0.8650201935810099
0.8649906680938262
0.8562849572038524
0.8592723315623155
0.8579207173906598
0.8556801631588108
0.8554707387431669
0.8551695044043065
0.855926481610285
0.8572720654989844
0.8567425315470002
0.8611304504540467
0.864348018583159
0.8617186285486328
0.8637146823392412
0.8635997977817391
0.8656706035422485
0.8622565048553344
0.8610455636888872
0.8641298490156641
0.8581297023910555
0.8567458019502319
0.8578113973310568
0.8561622099680812
0.8593512196406234
0.8575244547329474
0.8593018603180618
0.8588991226507308
0.8579724077494548
0.8608674949426508
0.8623114750825733
0.8619345784834008
0.8644228040898738
0.8630088684725237
0.8631601767354538
0.8636962121179368
0.862917060847515
0.8634849670193289
0.6167298319451919
0.5053839380675964
0.553736692934062
0.5971380872801775
0.5798139696993496
0.643682137200346
0.5792347295656286
0.5857905612918429
0.5979991380155815
0.8648707031070042
0.8639555276593531
0.8628225563817766
0.86328017318219
0.8648439173944809
0.8665968914726472
0.8632358807039855
0.8648595930246075
0.8607019109072598
0.858960036305686
0.8583446687821598
0.8588645730828833
0.8595786474881122
0.8572997616721562
0.8564440732604393
0.8569464251717964
0.8575267767636099
0.8589937293611907
0.8648799532326157
0.8610561901623468
0.8641939651830836
0.8633123975189072
0.8646621850663057
0.8644149834432756
0.8632468882011853
0.8636275044415491
0.864396019620085
0.8605607299491325
0.8593073774558515
0.8602627610255411
0.8596570904992824
0.8606285711202286
0.8567195025534243
0.8594056500124111
0.859795005582499
0.8597572012562582
0.8637718407222688
0.8566834592929288
0.8597926924552644
0.8602811460599341
0.8643203458176616
0.8613712291601734
0.8629124523147833
0.8600427442690826
0.8614644399284337
0.5153839999436556
0.5476113224502256
0.6559660195578365
0.5928039905390585
0.5766071425263763
0.5744733628865756
0.5279629139190971
0.4914146056737342
0.5745025053731345
0.8610451582019991
0.8601673106216319
0.8607153315973743
0.86004774393767
0.8565852984463035
0.8586869777653738
0.8595140685318178
0.8636026090391811
0.8594946806998844
0.859771496469857
0.8585185350443366
0.8582025342081442
0.8583677118714116
0.8590273841983471
0.8598116127657164
0.86049524053219
0.8610464804993991
0.8610617645340284
0.8588266915028051
0.8580443895572782
0.8623119131018729
0.8599785822736926
0.859369204465495
0.8614021884674301
0.8589526407233038
0.8617458494545114
0.8615373720835828
0.8602521792735074
0.8586329841701511
0.8597792939981845
0.860856443949736
0.860338397528899
0.8603315141043051
0.8577865062697485
0.8592871147769827
0.8599347663906352
0.8598222279183734
0.8609671970463187
0.8593808155040442
0.8607568252795318
0.8606871674941512
0.8605349231327855
0.8598987970132719
0.8598438814323129
0.8612439383373272
0.6351975384800262
0.670377529322444
0.5896756968777088
0.6203078412060373
0.5866900204502371
0.5367759820585666
0.6327515301805576
0.5606050434346609
0.5279896228863681
0.861033595323676
0.8612393401550437
0.8615433519081049
0.8616452770833
0.8617458655079199
0.8607425181833461
0.8610008572800082
0.8605686039311806
0.8609464053561361
0.8591547434737452
0.859094758273556
0.8592686186455107
0.8585877724981076
0.8590172509011799
0.8612730191489198
0.8601714204113005
0.8581260094771727
0.8606760860627476
0.8618865517746401
0.8599334141995069
0.8608061920585014
0.8616046900144207
0.8622745281198636
0.8601986567236846
0.8609491691513261
0.8598572871925872
0.8603176433931378
0.8605510534314519
0.8605487789481598
0.8600989995797752
0.8605164703608384
0.8600865580071462
0.8608546034511116
0.8605404729051294
0.8603338036195801
0.8615147176276935
0.8607425293679587
0.862516215669381
0.8628050023411052
0.8628769564682898
0.8613445415896448
0.8608984408011345
0.8625434546544959
0.8610368625094166
0.8627782486843278
0.6446620978812303
0.628983609181897
0.6129396597048578
0.6626242512668978
0.46893093047235335
0.5736669988816819
0.6550768222856049
0.671878236701567
0.6222154759517046
0.8618408792544306
0.8611627681661052
0.8608707642563618
0.8618413658935978
0.864087862480666
0.8624456362387397
0.8646852717023439
0.8625752694356457
0.8623496819165437
0.8608970354618176
0.8602683088401519
0.8602752172045589
0.8601658965321004
0.8606036477478176
0.8609108729255753
0.8592843192665217
0.859507602085152
0.8591431764416241
0.8604163933960326
0.863350252235487
0.8612430051840023
0.8623003504448589
0.861205660684502
0.8615535224021948
0.8621462720709226
0.8614012676052623
0.8632090695920072
0.8610405190775652
0.8602143319282171
0.8621960851597645
0.8603877533105176
0.8607476108016805
0.86114246999269
0.8614543031754426
0.8595925353592329
0.8613768017273362
0.8634411524300774
0.8638719867184343
0.8634033654170038
0.8633511790900193
0.8637271299382825
0.8642014050442739
0.8632178409774773
0.8646912240164646
0.8648946936325184
0.6187450329368402
0.6258332195121865
0.5724863810019297
0.6239275185404701
0.6462314547431344
0.6270145867439478
0.5877016613670867
0.6040935689418545
0.5536486068696738
0.8650165029142638
0.8626725623129357
0.8634886509616886
0.8611844299706174
0.860955135203624
0.8647235982644407
0.8646524773610906
0.8619086999799869
0.8636741011095124
0.8616093375826412
0.8612734839806466
0.8606996215622225
0.862640776710516
0.8604334412372328
0.8597889823133331
0.8614442008445007
0.8615317911066811
0.8608942730285284
0.8627399700441243
0.8633114881477798
0.8642608656082565
0.8625088234066325
0.8660336771308381
0.8644324487901409
0.8644906006587101
0.8627288855995149
0.863345179586027
0.8609431708730446
0.8610718870211059
0.8605944343935349
0.8593544497486075
0.8617172609169514
0.8638484491931318
0.861690950573864
0.8604675683965717
0.8615912940938815
0.8635347750010418
0.8609722512590434
0.8622735696522028
0.8644767117491401
0.8649297346572581
0.8626339327980765
0.8634604930210676
0.8637483448541146
0.8649970561630859
0.6727766255717119
0.6741083362829263
0.6449621211623436
0.6821510018447678
0.6066494232458347
0.6738138617974184
0.6591962936045732
0.6465622483570929
0.6548339555766165
0.8627722415026182
0.8653241991374216
0.8637073409775446
0.86511564376361
0.8646898377607861
0.8645944347169865
0.8635772154725581
0.8649343243617075
0.8631966294834216
0.8614672528371807
0.8610248326033014
0.8615120088873536
0.8601423338116282
0.8612656202979752
0.8618131698537947
0.8609343821573837
0.8608721368249347
0.8607485231689903
0.8627501161601853
0.8639646875760432
0.8661166998024376
0.8650482913256041
0.8665360063495191
0.8639153618924379
0.8653587440918292
0.8642230141772627
0.8653319966487254
0.8620401732499232
0.8620586272986523
0.8635730462869796
0.8617112654305672
0.8642497857770867
0.8623321669624324
0.8626306256575639
0.8630218107119012
0.862696150705243
0.865681214115513
0.8652221808762892
0.8641395212603801
0.8632492497610261
0.8640209626002537
0.8667098488635462
0.8640204709220525
0.8667615571824113
0.8655861818641719
0.6536084508658867
0.7020470994445942
0.7078763319403644
0.6708120668921558
0.6549117545618005
0.6831335752136642
0.6904596996695463
0.5492758366413152
0.6465332502660935
0.8613390135566465
0.8642765231250988
0.8627260777638492
0.8655557327910184
0.8633737680725154
0.8650353662632039
0.865501718154424
0.864883140832263
0.8636593097574865
0.8623925968552364
0.8638696756170277
0.8611129447097916
0.8624267161836441
0.8630347238576672
0.8634669398052868
0.860755892858229
0.8637137315663214
0.8653573787583555
0.8653707828332774
0.863801435989858
0.8635490586555055
0.8639203867051233
0.8674285698666411
0.867666680161723
0.8642446804760485
0.8617919699699452
0.8658436159477896
0.8641713642158582
0.8621393601996203
0.863692038131657
0.862404572302333
0.8625494001931588
0.8661194175653719
0.8621185752338241
0.8623874849489784
0.8637672402077297
0.8604906477294154
0.8594033405623096
0.8629018705967972
0.8604071257699928
0.8627888190985351
0.8621153158790147
0.862502339476562
0.8628262157418224
0.8590006071509191
0.6790106181983148
0.6964855330142364
0.5512274334850144
0.6690968394658485
0.6516494931491305
0.6522519640654767
0.6200750721464559
0.5992377420205441
0.7130211584581174
0.8635527106102142
0.8593807696590499
0.8620143208098907
0.8627865192838835
0.8622390222463734
0.8608946921684748
0.8583621418237659
0.8620415151757224
0.8640735855505888
0.8629461892575497
0.8631214438352804
0.8634245438338877
0.863202593475844
0.8624880971047242
0.8649352617709729
0.8631283573408639
0.8630107370773811
0.8638733846353907
0.862078418949145
0.8599139797054388
0.8621020136572681
0.8603374888046746
0.8620438222254732
0.8617615434192307
0.8612393284086469
0.8640957171066956
0.8611991631183971
0.8572320008021512
0.8554568889201575
0.8581103498323598
0.8559292449798811
0.8551617125108445
0.8576277884989981
0.855164438019591
0.8549586836549162
0.8506874606593133
0.8614967563466862
0.8616129994622039
0.8589171710934055
0.8601317483313904
0.8611115845345182
0.8596764611542383
0.8594300884650551
0.8607199259322875
0.8581693990022083
0.5486354316372211
0.5454442815328824
0.5848232850488497
0.5731359887161986
0.5801820719948109
0.5520919249591688
0.512418283793435
0.5549828780272268
0.5636621906506318
0.8603859535838062
0.8609002836149908
0.8603125632191745
0.8604362030746902
0.8609819458048893
0.8605395585800867
0.8621171957876509
0.8606737703819485
0.8616097850331055
0.856550194484711
0.8563144476731555
0.8565630938242051
0.8550920325435005
0.8587409156588437
0.8570608890572136
0.8548696551294608
0.8533334888262585
0.8555362374721082
0.8601691164768981
0.8607314620833023
0.8604320707796067
0.8607420660853944
0.8601091750107566
0.86089753338774
0.859949523678111
0.8618621084191526
0.8609035173490366
0.8573473204338417
0.8556312705235664
0.8566655174190118
0.8532721408802079
0.8567185696384323
0.8552806691163319
0.8540697050699467
0.8543557898959554
0.854743266119191
0.8610054716008191
0.86044866776559
0.8628718755623046
0.861737549284679
0.8609279869892145
0.8629387482217196
0.8619492898067159
0.8607568377239027
0.8606811783065591
0.5649128888370558
0.5404681212943534
0.5593516350183177
0.5896084013416314
0.4934321985913609
0.6455949165613044
0.609603965278773
0.4545568935642931
0.5118838764615232
0.8629055952940462
0.8632820216649592
0.8617181369215029
0.86301903433615
0.8590624813844816
0.8628229779050498
0.8623838486901795
0.860714376926013
0.8627607486430332
0.8550177244490733
0.857069133491245
0.8570613222928356
0.8540494466129711
0.8578718043439231
0.8529423216638964
0.8554034017286908
0.8546122838294817
0.8551755419053382
0.8633922093193748
0.8611078720773551
0.8621804040479863
0.8619783058258659
0.8624188945326441
0.8625069933265512
0.8597783985354717
0.862096432220725
0.8622620404809311
0.8579931336427927
0.857184028041696
0.8564358055378998
0.8554481164451662
0.8595509223575191
0.8570156018337087
0.8555804607657389
0.8556382149783512
0.8567526531488422
0.8631916306489987
0.8630896640549878
0.8629540057503495
0.863010737809403
0.8640975602269794
0.8641971896391784
0.8622071669316433
0.8624862288403422
0.8619257640618573
0.5936245964901959
0.5719545610883813
0.5036153448569176
0.6079140550398471
0.5000744297207034
0.607133641802114
0.5087778701662727
0.44438598070691704
0.5363470162516446
0.8625914337648147
0.8629055405115762
0.8624355258896053
0.8635167743951417
0.8621143968043421
0.8632764603334803
0.8632118666856782
0.8633917135214227
0.8633839269223513
0.856051996403498
0.8559458653905624
0.8585633265550081
0.8562835455487194
0.8566124242063692
0.8584700808369619
0.8576886624715613
0.8541121753670963
0.8574644918168641
0.8614953682864888
0.8614524534669623
0.863598913401496
0.8657379280783063
0.864915910301798
0.8644776537207741
0.862916640907452
0.8640869485812175
0.8629973956669319
0.8601474214079525
0.8561544055110819
0.8572250711239926
0.8556183695497911
0.8551251872075977
0.8565142051384736
0.8578132734944651
0.8572190201060927
0.8583750828885035
0.8629096949035044
0.8646428540937416
0.8623441866713135
0.8632888953689843
0.863966532347632
0.8658459311519234
0.8652899967500731
0.8655672855061548
0.864894645268007
0.5505053565683251
0.6289067884672662
0.6340060675894694
0.6274467161959545
0.5007943446513838
0.507145857494941
0.5476432980506105
0.6167653760966136
0.5515852328861953
0.8624405832006549
0.8662223183511569
0.8639020072545245
0.864942220185244
0.8641100287482258
0.8636076656011851
0.8636205676134099
0.8610275839370969
0.8630185626268231
0.8572970062526574
0.8560690641795251
0.8568671267207805
0.8556109344893017
0.8564583872172014
0.8572121373113779
0.8563232477266428
0.8567586618456667
0.8564832896503836
0.8641958811480503
0.8635268956054369
0.8613224071394985
0.8633258103440429
0.8643176239009289
0.8652476009999829
0.8646940509017214
0.8635407703171886
0.8637774469454114
0.8578810187196317
0.8574663129764934
0.8589895699472525
0.8602452038695206
0.8577297491857632
0.8603038005498711
0.8568633771688374
0.8584119889260867
0.8587455281070409
0.8682701031873542
0.8638512219768689
0.861473243012151
0.8645772516730587
0.8659026521285067
0.8645731935334876
0.8664575317081967
0.8670683582152364
0.8653946721354953
0.5847074239104031
0.570935381844895
0.49482569093112205
0.49936662217128436
0.6059027105370385
0.5969496586334619
0.5848823229830146
0.5954339054183325
0.5707997492078356
0.8648084515098103
0.8610783708830814
0.8631601679511917
0.8677925883038811
0.8655534091260744
0.8667915311585089
0.8636080945127713
0.8658564847977239
0.864819932605975
0.8604044161103696
0.8571295980784785
0.858769059997478
0.8585148952275711
0.8579031845275498
0.8592321639908814
0.8547468781361512
0.8600002452698684
0.8578491882766197
0.8647890913244689
0.8618173582421782
0.865110584409709
0.8632261531320389
0.8668722722308833
0.8647890463476863
0.8666822389157351
0.8663090321321205
0.8658952397096229
0.8587889045067552
0.8592017495100148
0.858274533329135
0.8575696793600744
0.8609260992326234
0.8602668626097557
0.8595154276686415
0.8602645793081543
0.8594190019435463
0.8598614258375343
0.8590205182231104
0.8614506380443412
0.8619972221016861
0.8622615727892121
0.8641252279534427
0.8584152215195402
0.8624488707558786
0.8633418858942872
0.5235768527174437
0.5399614155066106
0.5919589504593132
0.5617252974461466
0.48583588085198565
0.5895122640607962
0.46681075569637737
0.6071236092345538
0.541578263213897
0.8600602023127534
0.8609206198024693
0.858972460139554
0.8636491734641369
0.8613412635086959
0.8646086997985243
0.8627390233228602
0.861320489455132
0.8591629812685092
0.8603904956387426
0.8602937231757659
0.8596737104332984
0.8598189232292827
0.8570479329775166
0.8569768558933332
0.8596570900226169
0.859375713726925
0.8594001112203946
0.8607821582415577
0.8592216227213567
0.8627317145446467
0.8657494918588888
0.8598891032675431
0.8644457780285995
0.8616129629292081
0.8645080504288319
0.8625982438510368
0.8581956700714741
0.8583580277951801
0.858114944439653
0.8588103463227513
0.8585977182966108
0.8600994547334926
0.8581781025224465
0.8605008339534624
0.8573062632558692
0.8601910649264713
0.8615292993671868
0.8626340844021361
0.8611320597880544
0.8594817545139157
0.8596266205464833
0.8621727897453584
0.8607528891141601
0.8611293084712827
0.5065464913735939
0.5817734086927878
0.6524338028070678
0.5869280766480554
0.5566278835346882
0.6169537812750077
0.5775403156273688
0.6531028188988242
0.6046110085857631
0.8620062532261594
0.8612107590909158
0.8595257990420733
0.8618464208298324
0.8617320212006095
0.8606435608150557
0.8609925288932881
0.8603683768334346
0.8599598673964394
0.8583988961977065
0.8580997111188144
0.8590706914049759
0.8571904848529117
0.8596399662384089
0.8593512407075302
0.8587243203752368
0.8578711873889123
0.8576623756553147
0.8600683162777276
0.8597080264617141
0.8614254622531451
0.8611842131229857
0.8618606983216937
0.8610128281562242
0.8611470790872058
0.8583931034122066
0.8608834577030157
0.8611652818322065
0.8597419044708305
0.8587118289400053
0.858849787221021
0.8603864206286221
0.8587570435231122
0.8600311816716516
0.8583432600210663
0.8607579348745862
0.8646511212459851
0.8640716836983222
0.8621633650931905
0.8631283208589394
0.8614365210514554
0.8629825774599196
0.8604214624364548
0.8643722314720043
0.8638449777403203
0.534663538395898
0.5750108058129532
0.6428038046033887
0.6108403592907148
0.5814939771279666
0.632377883980631
0.5911425099325666
0.6223849609196612
0.6323612678705778
0.8649221095275166
0.8645911943011135
0.8624175562499303
0.8655372930848098
0.8635583195912064
0.8631799906870758
0.8626910426037959
0.8602701224582543
0.8650171825252351
0.8592979410572872
0.8588836781681973
0.8588126517041736
0.8577147179444417
0.857610521869457
0.8581732987792862
0.8590449401116326
0.8606640964859276
0.8581502214297106
0.862505366994316
0.8636445683872293
0.8608531972776301
0.8641058309286775
0.8628382039397176
0.8624949932375575
0.8654238135261494
0.8647198120773592
0.8627978406471417
0.8613871867453142
0.8590898880866478
0.8603494604554719
0.8594074716316822
0.8610585148742521
0.8615712501693059
0.8617110198127754
0.8591265477318579
0.8562766197690026
0.865499663106376
0.8627196784759296
0.8643761718422451
0.863522767940817
0.8608813357856254
0.8651110857063365
0.865457034472269
0.8635933624800481
0.864613487905358
0.56634016221645
0.569435108772827
0.6715968366683654
0.657382986122165
0.5288085623387649
0.6162637734670428
0.6013571769320669
0.600385533015992
0.6049773635823836
0.8631878779221237
0.8648056616086794
0.8632646794328857
0.8648817473499971
0.8660124065047409
0.8649693903773317
0.8665281197869097
0.8657870536911985
0.8646250373178844
0.8611738378851598
0.8608606357088245
0.8596243007374215
0.858984703437477
0.8627532909409389
0.8628464871028105
0.8619402441354369
0.8607069933709195
0.8607482700352073
0.8660926638575234
0.8637649807053492
0.8643847093648324
0.8612291690991697
0.8637757962181235
0.867019474330206
0.8639688519353849
0.8643399765606082
0.8643867517812481
0.8613219063110245
0.8619413952940093
0.8623612302565729
0.8593279112370856
0.858199813925693
0.8630070518241917
0.858553201378176
0.8617921860174604
0.8608693946499238
0.8646479133284763
0.8642237427315533
0.8656005145300497
0.8652510396394906
0.866816685670001
0.8656742802835563
0.8644801596751106
0.8668477946406078
0.8643740645908272
0.651374869248255
0.6283999269801852
0.6441771407596237
0.5881910174493238
0.5851740752857936
0.5675679954715599
0.5412109271069468
0.661583611729184
0.5652187109183774
0.8634616550918721
0.865137329963175
0.8646642233629708
0.8657171952137371
0.8673292015042753
0.8676675494333761
0.8656164059012635
0.8655563505631697
0.8661170685690683
0.8606949955290624
0.8620890439755845
0.8613726641719097
0.860151822226301
0.8602161608166348
0.8603790029323715
0.8617716212189299
0.8618777774610826
0.8615091921652835
0.8649906072679203
0.8647502919124527
0.8634042643270288
0.86602210599599
0.8622263149423762
0.865356409659355
0.8669426414020892
0.8672671229440587
0.8650754901176143
0.8617278642551167
0.8620124721739074
0.8629203273352811
0.8620493584809491
0.8633880645628965
0.8632994949619217
0.8661539984909912
0.8650935079685865
0.8653961094624634
0.8681339971768951
0.8660525903083334
0.8648827473130805
0.8675956328180539
0.8675038081182105
0.8670226714120896
0.8684079200094097
0.8711674692049021
0.8675840657008138
0.6346885430525224
0.6109087014392426
0.6462636390197448
0.6058774756978559
0.6944480538344251
0.6716290173646657
0.6458817021662695
0.6258301082024059
0.6318341340276824
0.8657914903445686
0.865468076749017
0.8656429290233033
0.8667988645530841
0.8666185539921576
0.8666706777568122
0.8660262476711672
0.8693863258653123
0.8646248191168635
0.8636773376354553
0.8644398492072718
0.8645228806971806
0.8642317096707967
0.8646686049019076
0.863175873866593
0.8652904604071601
0.8627528096131858
0.8627694934884567
0.8660064291231289
0.8659436740672897
0.8681694794894967
0.8687299441488152
0.8673063283536756
0.8656073917579938
0.8682469388718845
0.8655589564980677
0.8620853830834003
0.862962323369539
0.8612070199234682
0.8624806944404565
0.8610448613682158
0.8618897905987909
0.8628557239328629
0.8595992025745858
0.8656823263918103
0.8633903953437734
0.8582507964821646
0.8593904580422935
0.8596064014910075
0.8601718086871639
0.8606634102782479
0.8650461809333019
0.862459055362668
0.8624852883327516
0.8628903686975942
0.5961979946844288
0.6287054673937684
0.6019577116209123
0.6500858771066248
0.6335694406475467
0.6083218226801919
0.529275597027592
0.5361827726450253
0.6126275124475058
0.8634978835868713
0.8639100598403205
0.8604167634905169
0.8628566570180924
0.8628469105157212
0.864781608001611
0.8622419347430714
0.8655767198788913
0.8618380407589674
0.863794935546737
0.8632837901871125
0.8616457838786029
0.8625607218543332
0.8611613634736912
0.8622451403538601
0.8654403799970372
0.8655455636758533
0.8620442833460198
0.8598496865259936
0.8630416306899356
0.8606963847638994
0.8614602807528279
0.8593267216388558
0.8637478484943785
0.8625390224953993
0.8637073281756746
0.8618270132588457
0.8487176937360232
0.8495769731584405
0.8531361407916034
0.8514223870954538
0.8523637112891841
0.8459989501604823
0.8502670282765074
0.8471506198097096
0.8509788400725192
0.8582932495597776
0.8607905027157337
0.8596935220611769
0.8599470109568287
0.8588175321819469
0.8605796830218168
0.860222634566495
0.8598697037062368
0.8598621032183928
0.584040075120696
0.5534599037562717
0.5022227094338135
0.5881402712220529
0.5445447946459698
0.5357582547495011
0.5385338287878308
0.5822543420777208
0.5388409828647773
0.8605019406629892
0.8611883616417156
0.8593486735102058
0.8617892334978953
0.8612499383605444
0.8625872860462017
0.8604437710045874
0.8605164359047418
0.8590704859036823
0.8524743244419213
0.8498657126573168
0.8502987882581634
0.8541902484199723
0.851421159891731
0.8508466535100959
0.8537034845940392
0.8470823282175026
0.8478536744010459
0.8591235390849455
0.8588387636789243
0.8603190477110292
0.8597806810880275
0.8614540749389132
0.8586507749677456
0.8609971314932384
0.859730429324471
0.859951369598804
0.852790118985215
0.8521745467434879
0.8511607702327826
0.8525779364007345
0.8557172803240416
0.8540893358809883
0.8519964544363635
0.8477358108520271
0.8536026783003617
0.8626209635079395
0.8614026574614668
0.8622959602918978
0.8626472420506373
0.8639081944189068
0.8636214711453866
0.8625060772821087
0.859208897346635
0.8604000243912223
0.5417464619822796
0.5935166641322273
0.5563596830103577
0.5507726421568855
0.6014359843698722
0.546067637488153
0.580576288394057
0.5983293304076783
0.509149282022813
0.8632976926986696
0.8616828869651814
0.860263002949176
0.8611142961008028
0.8625683307944758
0.8624216299407091
0.8604043565186863
0.863886295185033
0.8620795624810714
0.8572645349958306
0.8535839814342498
0.8508797190388332
0.8497655777776686
0.8527850175230357
0.8545698169030373
0.8490494391996544
0.852730163823456
0.8577950389235391
0.8627597747688671
0.863582744101388
0.8621287656286931
0.8642908757258034
0.8638207904126558
0.8616621492743753
0.86516153466359
0.860839358196615
0.8641063103242335
0.852016258812119
0.85674511247399
0.8502352423336126
0.851557667311887
0.8564826866463469
0.8528229045336942
0.8502070066539767
0.851745473095282
0.8497562152452126
0.8666603121203884
0.8627764171827625
0.8626509029257976
0.8628951489990326
0.8629477182308831
0.8649421734039425
0.8626310682222081
0.8654544482083294
0.8632475925561964
0.5200836650441525
0.5343925874825909
0.5296794171211155
0.5360660530386313
0.5823469717951509
0.5101351703940088
0.5440668996622955
0.5129020540363578
0.506568169293226
0.8638717646189716
0.8624214471065562
0.8629983130136925
0.8623930411988642
0.8648204439551348
0.8650759715475098
0.8626984311979233
0.8632782698829031
0.8651026973193632
0.8496800672479929
0.8539264857470593
0.8535982832786043
0.8553609569671862
0.8551978879683093
0.8509026664630476
0.8486776038780681
0.8560685577842804
0.8543956949960722
0.8642086997182998
0.8637359150363938
0.8628620150188077
0.8640405681054713
0.8640286039025702
0.8652409494464919
0.8631410594355895
0.8661692506060646
0.8666432483449459
0.8557457093329802
0.8545015898223811
0.8549383652402465
0.8540950953339598
0.8538145994860219
0.8560427255769906
0.8557071222062277
0.8542004619150241
0.8523011547634075
0.8630887367578376
0.8639607861646843
0.8641136794091284
0.8628868628993406
0.8660633907891248
0.8645251680334137
0.8654632514537723
0.8654325218470887
0.8657459909719909
0.49458447327364474
0.552870930677479
0.5758486442290669
0.564523012524947
0.6376626961680886
0.6202902547882961
0.49875945399328875
0.5364526316488399
0.5521507677265283
0.8647428940829338
0.8646783477526816
0.8651474331623289
0.8653513815355474
0.8672367018835075
0.8680300913294093
0.8667587904421101
0.8650009955885084
0.8656230994608902
0.8573989534821376
0.8578321562164479
0.8540088557137452
0.8503687993025905
0.8538242943893666
0.8573544693855183
0.858172323083577
0.8554313101020071
0.8530194090621619
0.8661328161245946
0.8650688211403015
0.8671518243537395
0.86471641998082
0.8651822857520977
0.8645198757103773
0.864529093958992
0.8654097614278491
0.866458034826367
0.8582823851973149
0.8571073975761309
0.8590508342044831
0.8580083664358946
0.8582750190660431
0.8579308527647262
0.8569510614362381
0.8546657754130793
0.8587966977621182
0.8673197552404401
0.8681620592567055
0.8664483386462397
0.8671490360102828
0.8694998402035207
0.868464193229101
0.8644453434991715
0.8692157034492963
0.8660801847985674
0.6065373397762043
0.593177516959787
0.5747635698519289
0.5159581977025514
0.5831274974280245
0.6178694775508626
0.5500630544942583
0.5627982638217197
0.5349571863404624
0.8679300584901979
0.8659898113000594
0.8652392836021022
0.8649749190572328
0.8657171507561797
0.8665963713988087
0.8670734025371545
0.8669119035729279
0.8654666855053759
0.8572384976873055
0.8592921555920057
0.8577057409555353
0.8544401904815893
0.8578349578043925
0.8543036607858392
0.8582555824440045
0.8534341276752653
0.8553729028780535
0.8672201451331887
0.864889623366385
0.86919583112319
0.8674147580236472
0.8681329892722263
0.867906974203439
0.865982907140522
0.8669317603563383
0.8684614473088622
0.8528699128085886
0.8558679362395569
0.8568278988653318
0.8533911665170552
0.8552082247579659
0.8549405139615519
0.856536372359364
0.8539830158032025
0.8565837778390856
0.8618177317584388
0.858936891652663
0.8649719708617034
0.8614328051299566
0.8612395424814056
0.8624457017632043
0.8663190098672036
0.8644091614364864
0.8635610883062641
0.5926445795117267
0.4830311194322414
0.6364857357289527
0.5800623843229636
0.5965944217438148
0.5283204120730841
0.5738479089291103
0.5222950486278822
0.5741092954198337
0.8619580244889526
0.8634849269964615
0.8626029885568505
0.8604786012421549
0.863036532045189
0.8644376858199946
0.8640499796067818
0.8612226226748643
0.8629756638266578
0.8538944704696021
0.8570912886252635
0.8592811075271781
0.8539797573166051
0.8532200959185532
0.8569429998278476
0.8547672434172411
0.8552227188250789
0.8609512533951282
0.858956823885392
0.8631438355644961
0.8656364910063223
0.8649043428611064
0.8611917955401053
0.862055078132362
0.8638530675145273
0.8630937769940527
0.8662338043671893
0.8603674965133591
0.8596150855445724
0.8549810370040578
0.8579880904955143
0.8583277989999468
0.8601495139933985
0.855248657490472
0.8596665104188439
0.8580434051709382
0.8626601428541749
0.8606133480221597
0.8621114345301606
0.8627397184765275
0.8623236545924557
0.8615661589043608
0.8619165026920503
0.8610301303654305
0.8606082701549163
0.666437383475832
0.5970096373092939
0.6160778870065517
0.5630759732573342
0.5603949621922248
0.5665021456791057
0.6240666787257686
0.6227175914327823
0.6248913446667472
0.8617530001936832
0.8604468371747958
0.8627228690887829
0.86032482028081
0.8616159998525912
0.8617882762389218
0.8597569299410959
0.8593533264409118
0.8612725553726666
0.8575073854077578
0.858876336925667
0.8574938194208881
0.8582452820341295
0.8591185070712083
0.8605932776426561
0.8586175222893315
0.85990963755949
0.8566857821832915
0.860493662258038
0.8634614312644974
0.8601531830825249
0.8599832153717146
0.8607787264711384
0.8616111051855115
0.8599428158100112
0.8603197306075867
0.8603656317048006
0.8616429481154538
0.8600337285340913
0.8598169018031667
0.8594960544601207
0.8578766749734491
0.8596049542732331
0.860569061306499
0.8615495379574307
0.8594173977336912
0.8634619317695199
0.8640631846239042
0.864591402832637
0.8653345426940243
0.8620145102918233
0.8656376388707964
0.8644292348887792
0.8625865283642525
0.8624679648012821
0.6146676428624487
0.6538157215137435
0.5798889774619329
0.5293480710115619
0.5840299075206461
0.6171481456844903
0.5758585927918036
0.6223223236746473
0.6152988055899503
0.8607791938053582
0.8628818113338111
0.8610780922306773
0.864873227021411
0.8628873330765288
0.8626463166090772
0.8623128042575738
0.8621300796355206
0.8632192133587887
0.8613516823103321
0.8623916274072487
0.8603391679871827
0.8610107454700964
0.8610949462659091
0.8631627298371024
0.8590952098607948
0.8562164262160394
0.86017373518984
0.8640115356328539
0.8626610532977995
0.861462166219723
0.8630277715038561
0.8665011827001479
0.8630397754317085
0.8639303468291233
0.8634092617910387
0.8656413241410098
0.8604034661545906
0.8590846484181107
0.8626200277329552
0.859102086075825
0.8616086224771238
0.8616261307494077
0.8596974217531358
0.8603736653516603
0.857983925812721
0.8633818305065584
0.8635931295364483
0.8662564305295843
0.8630174402128746
0.8659229250556812
0.8659951004907235
0.8649534429128181
0.8641750627731186
0.8631696419978085
0.6099170026661442
0.6190235430096145
0.6195380595659167
0.6729768667513021
0.5798859899170388
0.6793401403265504
0.5642606772541482
0.6757835341154005
0.5886558890200618
0.8633408051374873
0.8642906481106414
0.8632141868096793
0.8638440673222316
0.8640283191641706
0.8634277414775553
0.864599667286614
0.8651368711067894
0.8636408717791897
0.8605863591491099
0.8591376387731758
0.858999455388003
0.8590920194522266
0.859091071335014
0.8611166118156494
0.8579793316906053
0.857904551452745
0.8615968312771525
0.8625593289764109
0.8650063443027605
0.8634930008364259
0.8657116087041125
0.8635882765094933
0.864495377478789
0.8656346376888042
0.8661466258821775
0.8637160550950751
0.8618533087061403
0.8594789839602918
0.8602346308847253
0.8622279172030105
0.8623035088998237
0.8614923507701958
0.862496808702738
0.8613836928466709
0.8599375168647306
0.8666383962713218
0.8663939280816004
0.8648437488688009
0.8645127115394562
0.8664257140670546
0.8641473737924867
0.8631267535140438
0.8654304798903144
0.8650768709256884
0.6780349819980327
0.5529931537100856
0.6425407088566153
0.6873708632811985
0.5950862638296017
0.6441574452774337
0.6559671729337542
0.5605069753835048
0.6095018893911381
0.8654807511631034
0.8652872363255881
0.8666434560848645
0.8662726046133697
0.8673181344834873
0.8654064394085672
0.8653568634852187
0.8652184970871435
0.8648446176723006
0.85880825109011
0.8619534017413788
0.8601589829754458
0.8606373459955702
0.862874192502862
0.8623275695632421
0.8645689757280411
0.8606717102693308
0.8615087303297392
0.8650443967067268
0.8647290689103331
0.865344275858277
0.8655778505578766
0.8651654924661649
0.8670798702095311
0.866653632196796
0.8650233852323129
0.8646520027066528
0.8651901583381972
0.8639969853362512
0.8636122962988562
0.8620793164376856
0.8645565150887974
0.8642100794453651
0.8642280598100107
0.8653688770314973
0.8617702645675756
0.8668275843438586
0.8674387629172171
0.867600237282106
0.8673008388795012
0.8665576502109849
0.8670549408277319
0.8699298102507467
0.8663561271516004
0.8685477148991199
0.685716246794353
0.6710039501722048
0.655304446534122
0.6856729955703695
0.6433966047975818
0.674066170896272
0.6329110596741298
0.6717292282745685
0.657795011333339
0.8706189727065097
0.8653606113518093
0.8687853051373873
0.8678368411507649
0.8683558121449497
0.8673169745236293
0.8681781689736422
0.8672362509516838
0.8665700813310234
0.862903219161864
0.863565706168018
0.8620171080127553
0.866034526016535
0.8623035695214444
0.8639683426631242
0.8645191587918288
0.8622076167143634
0.863865049345535
0.8682267116535144
0.8658279090109626
0.8683742707900951
0.8696354222587235
0.8693333218231414
0.8679946309093671
0.8692792734454485
0.8657185546655006
0.8694753871785356
0.8645717648886387
0.8638934407404688
0.8613066556004121
0.8634830665800342
0.8604408148589606
0.8608340789903879
0.8610202065531174
0.8610995423712936
0.8635640607266086
0.8611535144740156
0.8653578041630468
0.8657240948875131
0.8679325699772573
0.8655169934899103
0.8609196325986964
0.8616226444008037
0.865257718907668
0.8641094945446641
0.6229182240663598
0.6427837380850875
0.5560460222319292
0.5596317080268329
0.5353707906525047
0.5271431753180555
0.6682750071951601
0.6003670169305415
0.6141017729614722
0.8630688764505082
0.8608361304379102
0.8624361806799298
0.863725027232209
0.8634223701983048
0.8622164302166236
0.8661683330124592
0.8650575116255826
0.8633077094852014
0.8630250388791764
0.8636565769795927
0.8640597337357988
0.8629437771201083
0.8634369816102175
0.8631126739649252
0.8621955634856926
0.8620754179629259
0.8651057002292675
0.8629913269443182
0.8620258701202745
0.8633438338469048
0.8621808267629228
0.8663313495781455
0.8646690795563454
0.8608661097594694
0.8663169053991708
0.8625720216910426
0.8556077279592296
0.8492801351862145
0.850698716787511
0.8460559261509111
0.8453666385885761
0.8520879425349126
0.8435329770118184
0.8509785946249651
0.8433650692093405
0.861652442914038
0.8579860032725535
0.8601063956132873
0.8579614983846738
0.8604523343351993
0.8624546507054607
0.8614249828490772
0.8603227381309309
0.8603441716393304
0.5062024403593297
0.6340036754751656
0.5457790153947236
0.5646255047553107
0.5557087195023066
0.5237775738171347
0.5228297178969907
0.5308351530483367
0.6698790329019085
0.8596974312864433
0.860070888386408
0.8579825378461544
0.8606101277113514
0.8596611802009104
0.8621711868888926
0.8579811810926576
0.8601153491094005
0.8614088377056893
0.853194526293235
0.8502977370801524
0.8500093616067887
0.8479991720971553
0.8508288669088593
0.8532842332890695
0.8430198296842395
0.849107495343603
0.8482153604827106
0.8631380468306521
0.8598743446011424
0.8589667353980358
0.858586579001436
0.8611124452602423
0.8600725111266291
0.8626315976420923
0.8606228079475648
0.8602263168830853
0.8552391616449265
0.8554335555172233
0.8552207195298551
0.8556633097789937
0.8564798948896255
0.8472597869544234
0.853465248094353
0.8549222342436058
0.8471447072630998
0.8642311103013333
0.8629334793744524
0.8635116997028298
0.8624338696295943
0.863363856602431
0.8621307910383695
0.8629412866488846
0.8619284911197663
0.8616286653377141
0.6022921808430344
0.5922575467745463
0.5827471398179915
0.5021927268681634
0.5390252584325226
0.6149546123283126
0.557930815113482
0.6467586531624835
0.5745356839130598
0.862990686581633
0.8608259855816078
0.8615366318595026
0.8652277297804213
0.8607819414705329
0.8612518144643694
0.8619769534985476
0.8618307067685602
0.8631532534071586
0.852751365665038
0.8532479313620678
0.852866465972139
0.848925371385883
0.8522367636292287
0.850530278927822
0.8527852885317703
0.8484743688909671
0.8485908683577591
0.8610356665017399
0.863572365560952
0.8620062305930662
0.8639739547254178
0.8625635075846422
0.8611926701146608
0.862088807831517
0.8603942034313945
0.8640311151172495
0.8515438775231783
0.8530396457968157
0.8550211912203498
0.8543836562801598
0.8547725834068146
0.8538406874147068
0.8528823242746928
0.8533474007264209
0.853002809675828
0.864737419572647
0.8624938408958334
0.8655614984491514
0.8642347797734942
0.864348036628348
0.8641976640552835
0.8662371029447492
0.8652293342711683
0.8670060791587126
0.5742845735669647
0.5414084619210121
0.6234570011067568
0.5782672655100957
0.5102446617265015
0.608843158311263
0.5359691993637925
0.5391730575147899
0.5385514094462202
0.8644997892434174
0.8655038359946229
0.8656159420143557
0.8628416593476322
0.8646859213004203
0.8626961135593916
0.8663897393782773
0.8634351140182741
0.8658032098064018
0.8526743081519887
0.8537392459761275
0.851110078194278
0.8510941982204738
0.854732225195832
0.8554013289078337
0.8527499150595345
0.8490655631144095
0.8511649724444619
0.8636070201483946
0.8652067884609356
0.8623192824761718
0.8654761765161727
0.8642961122279205
0.8651892144939491
0.8638364414860039
0.864660303761721
0.8612549933308264
0.8555409059114625
0.8531060901234524
0.857418816113211
0.8545319811764653
0.8515422195607909
0.8565354258849448
0.8536315311903646
0.8551899849947923
0.8556430234966772
0.8651634160022225
0.8654976177788963
0.8655142550771512
0.8652175740629579
0.8653389212112431
0.8675298619142504
0.8662481263080964
0.8657607585333077
0.8662972682042177
0.6187491958693776
0.6134883394683172
0.5558658389427843
0.5611020105350037
0.5391741807001275
0.5814774997520076
0.5316014283826829
0.49821566057654465
0.5691004965989732
0.867250565453206
0.8661005481219245
0.8645757214740142
0.8653716531859397
0.8656728828602892
0.8664520507629275
0.8644068418912931
0.8653555126219438
0.8647475443238852
0.8527687065522341
0.8526295116618664
0.8540697812002161
0.8546846444309324
0.8552264331037847
0.8550156557735026
0.8537307429096372
0.8550523483767185
0.855246810931388
0.8671744678633493
0.8659056539744261
0.8643102354174561
0.8662195270625894
0.8690058162788249
0.8639868864100618
0.8660695795877883
0.86580918459189
0.8626481271969496
0.8557170579096389
0.8565723743202103
0.8573081482546107
0.8575235262441337
0.85780399272608
0.8553600121015122
0.8536218171012389
0.854630216340329
0.856864778303285
0.8676717178273495
0.8664100957899864
0.8671131034893671
0.8665424292493983
0.8690122425664331
0.8683092346116963
0.8689804383910879
0.8683668508977789
0.8670471080431907
0.5964590378558556
0.5691331100510382
0.5862539592537175
0.544196550660738
0.5970348544586587
0.5262669671569415
0.5832439904289786
0.5262818848923216
0.50638462439923
0.8675997406499898
0.8658274317348651
0.870152162009975
0.8685481528843718
0.86897213258639
0.8679705881889952
0.8689984258886906
0.8684692913631347
0.8686417888189906
0.8565806438983399
0.8573468302877792
0.8556737589510236
0.8536195119921965
0.8569676261962377
0.8572702992920626
0.8562627855567838
0.855960644825954
0.8554075164041794
0.8670218060644137
0.8674037574891663
0.8695063306877401
0.8686791934634464
0.8686058793822976
0.8681989284718888
0.8674530380768231
0.8678197891898141
0.8676407932655937
0.8591623032662836
0.8552957049115101
0.8562487722301041
0.8512650268357576
0.8576964792878126
0.8555666999259397
0.8562216980935362
0.8530797103234111
0.8541714862251691
0.8636502928563672
0.8632732443041483
0.8642876196395566
0.8665212491301382
0.8615576139594131
0.8658253744226565
0.8672304694699626
0.8645357412054709
0.8647106060092469
0.5602627788164375
0.5411883603681253
0.5939554536602465
0.5044912219792521
0.500762688257199
0.5308498281035883
0.5854291235613478
0.588128713080592
0.5942153513569095
0.8631408485718106
0.8626468414836166
0.8625116751465836
0.8656271774842168
0.8635361423433195
0.8662670545005507
0.8654316251756885
0.8622578472748227
0.8629659718003287
0.8577855305740396
0.8579912822830075
0.8572227692324418
0.8522350082664442
0.858350180795797
0.8528237758226634
0.8534437809214616
0.8534354670474997
0.8516224710488869
0.865115634706968
0.8620436639651226
0.8672092944578316
0.8617294823818981
0.8611864985014861
0.8633564902498498
0.8621158120514893
0.8656982406429619
0.8600468729551286
