0.8374896802152207
0.8390133397958518
0.8391623209039661
0.8391139077408847
0.836427717347967
0.8374204326152868
0.8358419001663187
0.8373826556292098
0.8371902650612328
0.8386793572841839
0.8400748105763342
0.8388030069453875
0.8389303058885688
0.8402113868150526
0.8389256963514351
0.8396647017046494
0.8397850944624656
0.8387061277263917
0.6488151496435096
0.6168384181869697
0.625691005726601
0.5713410695984571
0.5690585818095611
0.5913961385230911
0.6245637776794133
0.5755192898412901
0.5137093103088171
0.8391687993864325
0.839814656193241
0.8386738230715597
0.8389367430713854
0.8393574869624587
0.8385465214726713
0.8385026905065596
0.8388034414407681
0.8381036706248294
0.8399017974728183
0.8377032352405956
0.836994231901617
0.8386595227167846
0.8373886361857539
0.8377101388213252
0.8364005183006004
0.837542260384839
0.8377161809528207
0.8408022712326044
0.8398690696604321
0.8399008802367124
0.8393187284585457
0.8394345176886164
0.8395669001594426
0.8384971495014538
0.8379242018166428
0.8397666240368761
0.8381732968141055
0.8389335788623887
0.8387176376267638
0.8372820611441302
0.8392785991395074
0.8372235426028529
0.837801477460809
0.8385686322427629
0.8370172477528476
0.843155385301538
0.8433477655531144
0.8457202158549549
0.8423212928634412
0.8420196279446654
0.8420810064483712
0.841169938168729
0.8407649241114443
0.8420109067112017
0.6974217123958384
0.6980992951218806
0.6918637457529947
0.5652666231636101
0.4943538344060664
0.6916248616108364
0.5637780947825926
0.6358649004535739
0.5577752422414608
0.8412184016540548
0.8430460849554529
0.8409401798127435
0.8426571706562035
0.8423766889720365
0.8417751677816485
0.8424085132183986
0.8413221211083572
0.8405148854740186
0.8396822054060532
0.8392342939615756
0.8407128105270003
0.8402593414622238
0.8391771038973243
0.837208272425567
0.8380741218831851
0.837502572915447
0.8377157275099917
0.8447016325538355
0.8415039458925904
0.8454604635029263
0.843573316879696
0.841416254236876
0.8414587033224166
0.8404157257623428
0.8425533270816435
0.8404216470251195
0.8393418200655226
0.8406242180801353
0.8400212946487551
0.8382046632255076
0.839869521247671
0.8388440588289695
0.8390442689029525
0.8397228059237054
0.8385783085561584
0.8446130754483031
0.8437467957512453
0.8447219734228488
0.8432928333229152
0.8427245208981438
0.8427309693166443
0.8436189874421727
0.840648660056698
0.8434792158069229
0.6825542456753948
0.641941080416101
0.7338807992577883
0.662033259074029
0.63615386442992
0.6708769783544654
0.5292845674314941
0.6576003870412149
0.5254539857716334
0.8415140516282849
0.842816788911677
0.8429952902296085
0.8456431567842315
0.8432909749493394
0.8440382878266517
0.8420302589634698
0.8431807592227383
0.8434616351581095
0.8400623854656837
0.8405153259617639
0.8385626544100211
0.8407810812565855
0.8388029828227148
0.83828584516015
0.8368959222843249
0.8391106527952298
0.8396153213407167
0.8439935478809589
0.841521429608096
0.8443621403778099
0.8420796007175078
0.8425667340165575
0.843534101323916
0.8424052711086614
0.8429325731197377
0.8439940114699509
0.839651302941142
0.8405831506027861
0.839939216246998
0.8374052166586866
0.8398736957446633
0.8402113329178184
0.8396139518023737
0.839256881616218
0.8378812806813001
0.8435603537691849
0.8440839274058792
0.8439400222668588
0.846348028083483
0.843579716354877
0.8436646641161805
0.8433980313697875
0.845240424104863
0.8429445372630553
0.6473524949332852
0.6996747543538664
0.617179693246821
0.491176049868897
0.5957217937141523
0.5541669241832708
0.6948270030100083
0.6045005662611699
0.6081825126187461
0.8449586350020649
0.847530812041331
0.8460306930843275
0.8462017674110337
0.8479113479806036
0.8424449574544848
0.8435557870468158
0.8437375467151547
0.8432116486644705
0.8408756287413734
0.8417068584932395
0.8411574858541051
0.8393353378718761
0.840031423860219
0.8406869562994727
0.8388011581391666
0.8386378261497477
0.8379260567684421
0.8445480560893822
0.8470215350993027
0.8452242962746421
0.8433624914657946
0.8449991705229893
0.8452021589134324
0.8426871628136802
0.8452118524548761
0.8457607942246913
0.8424828016163317
0.8416769166750306
0.8428057359269816
0.841484533188939
0.8433394230451832
0.8435756267894392
0.8403538763664506
0.8428522929976718
0.8409632613076052
0.8471825320178562
0.8499614133094813
0.8480668645667435
0.8475704602198775
0.8494498421876668
0.845496431671602
0.8452395409503307
0.8483495864313199
0.8466211108486099
0.7462645149849291
0.6695111760848571
0.6934950911353678
0.6935060178846029
0.677772691798711
0.7012171041687896
0.6648181088736294
0.6192904027955534
0.6753277143370483
0.8486236748029079
0.8475654340112435
0.8452801155748391
0.8451674987932665
0.8510592725221539
0.847694104910142
0.8476576648619016
0.8477776375264405
0.8470833869806642
0.8414983755385169
0.8440461567866897
0.8440203334402685
0.8410767220209596
0.8429362308284784
0.8424191627760811
0.8424864785619247
0.841585551120977
0.8416584811822032
0.8443635008424872
0.84608789957651
0.8489257242012478
0.8471474581542774
0.8488113147748493
0.8482586947315873
0.8486513120568352
0.8465980356184932
0.8491628912649369
0.8438999040643379
0.8432951606649919
0.8418475498841123
0.8437043138949605
0.843315916230749
0.8447501121606649
0.8445448052805018
0.8439446600634394
0.8427415524135551
0.8486171621197011
0.8476871855143365
0.8484778483534589
0.8467631694115226
0.8450056527847309
0.8478947498370045
0.8464066553044644
0.8465643339489641
0.8473734699374782
0.6686649787999114
0.6891677107157109
0.6527885230201813
0.6999691087941801
0.6419848958373889
0.6636389637302729
0.6131762363397513
0.6858664974496091
0.5962860654465819
0.8488653506400763
0.8487527327689828
0.8476742157475339
0.8495416283286865
0.8477171776718133
0.848232471737429
0.8491545631250619
0.8463715476997867
0.847726902707219
0.8418083613790921
0.8427056081292189
0.84476717101624
0.8432628393609194
0.8437757840046374
0.8442214316056749
0.842293216517717
0.8453248590614747
0.8443976460470148
0.8452976407772559
0.8463937024082113
0.847324584894832
0.8471308630919794
0.8477609857409634
0.8470496427176796
0.8469624509966918
0.8512207464103774
0.8458691861700036
0.8352735615249518
0.8332535523629009
0.8352740297614313
0.835129653117369
0.8325407982292443
0.8328494907298408
0.8339251357530605
0.8309377432813134
0.8351799337957871
0.8402279028189945
0.8401144762212617
0.8398657918178157
0.8384639317302665
0.8390599491635425
0.8387065732701947
0.8396425520522826
0.8387646950918217
0.8399336324441513
0.4059637995878262
0.5608311543770267
0.631507735742973
0.41718519805727816
0.586730527684051
0.5330020141894205
0.6096011030628239
0.44514878985837064
0.619402895986733
0.8375809958896481
0.8401255269928676
0.8389718395765694
0.8395262978032239
0.8385607943340689
0.8389556858872524
0.8399073473302809
0.8386120144986519
0.8381548453870357
0.8336373337145208
0.8338421629610874
0.8357072287590255
0.832625682542982
0.8338933101958685
0.8324711507943118
0.8322765158410561
0.8306268478312779
0.8295332504475029
0.8402127314987015
0.8391794080870832
0.8388698796899213
0.8380565883050769
0.8392306485269682
0.8391706728771098
0.8382794202344428
0.8395281300963944
0.8390714622984294
0.8365735685669913
0.8338057111664501
0.8356804129484885
0.8366348899389475
0.8357805394864931
0.8324190226205026
0.8321948023415354
0.8349741596835469
0.8328517348427393
0.8426262439154059
0.841087819131249
0.8410158133199193
0.8399331713406291
0.8409166618647685
0.8407339699283405
0.8393699164652398
0.8413535475966196
0.8409014396263996
0.43443558233402024
0.6167151946135359
0.6008380298408833
0.46284936758100176
0.49891289452192866
0.5701419593665085
0.566740814054641
0.6799134505707025
0.5194836416321158
0.8411325664993026
0.8424777338697153
0.8413973579299304
0.8422350884653926
0.8411643991383799
0.8403944938227473
0.8413812050407301
0.8399968515996953
0.8397786413113589
0.8353856773844198
0.8360965282868846
0.8330916289813615
0.8339270309320124
0.8369868320292462
0.831418919788993
0.8329910412717396
0.8313723501547654
0.8337743073368165
0.842888750188842
0.8430548343121733
0.8431553466065242
0.8400489637030721
0.8411980824903397
0.8426765130687363
0.8411320869590446
0.8408063938071193
0.8409627890024467
0.8338712049244524
0.8347628470176229
0.8361865158247612
0.8338287347464695
0.8357353067220069
0.8345280749995168
0.8353164534134695
0.8356550158238992
0.833912277713216
0.8430442135927457
0.8434764344261853
0.844070558382886
0.8428933742131981
0.8433121763653272
0.8435050297902743
0.8417562491054777
0.8410167791929168
0.8433324937415472
0.5741115802142064
0.5157469190735139
0.5808676048948817
0.5801497027220294
0.58152569732296
0.5965056803571096
0.5503476424611986
0.5295881150252674
0.5372299231539934
0.8451339192862626
0.8427711159148021
0.8455195089786182
0.8429367092281442
0.8441286674877622
0.8415670770863498
0.8414762205747358
0.8435350262036918
0.8428905881509257
0.8362492160470592
0.8359133975821116
0.8350890715641889
0.835716848979121
0.8351084522631652
0.8352505173291555
0.8357606630236122
0.8324900479694696
0.8312685427046311
0.8435945232155515
0.8443173996149766
0.8444663851492695
0.8452011955599517
0.8429260527588138
0.8448270942499312
0.8415753827378337
0.8447620779723115
0.842745237496507
0.8380386082298351
0.8367359213878535
0.8354802319681169
0.8362330689970096
0.8355143249267154
0.838188534663265
0.8361675350288784
0.8329758198334879
0.8321887959429188
0.8457746257471557
0.8437338552823391
0.8437403055053585
0.8433943589354914
0.8422161534804568
0.8434764715720368
0.843146101860422
0.8436577140946246
0.8443224541171052
0.5565822592619517
0.5521462857293007
0.6674878235174215
0.6051695017709431
0.5087484929028674
0.6441936750790066
0.5294355248112563
0.6683328634141615
0.625417599416342
0.8464550536228247
0.8432757498509783
0.845096102141128
0.8449636747956619
0.8460652679494871
0.844045691801749
0.8416704483727747
0.8420491304497689
0.8459988486477823
0.8364641905244508
0.8379588356691418
0.8375251930344062
0.8366620887479813
0.8324578023870958
0.8368456491814811
0.8316265472868463
0.8355715474382592
0.8361481491546779
0.8435086627975344
0.8452058673870348
0.8435156456409058
0.8432540394606459
0.8435123765995749
0.842957916687568
0.8448174437445608
0.8427830840927518
0.8424846197968023
0.8372857711158238
0.8373124948278017
0.8369775903984928
0.8380750600755438
0.8369264379714639
0.8382812707600638
0.8384537910788333
0.838463927661587
0.8367787465942904
0.8472595908161997
0.8471820381776372
0.8479496608726187
0.8468734250248009
0.8471193087766091
0.846233184502179
0.8461062925099293
0.8484930836150065
0.8458922554247795
0.6892788747638097
0.579600937184339
0.6263049819149835
0.6012472123623644
0.5745532158696544
0.4802400381639149
0.5377259954012868
0.595368433533738
0.5992379165524205
0.8480940510165252
0.8453488515617451
0.8467663883519181
0.8457280228314712
0.848243062954675
0.8472443646112939
0.8473781093342925
0.8467825832387422
0.8470238388464436
0.8387254779017607
0.8390585244001116
0.8405886660722468
0.8376856941890555
0.834228718220013
0.839064981824183
0.8374079906851586
0.8376483390326792
0.8368083317497643
0.847105428566182
0.8477988269917468
0.847200545238365
0.8462520707140332
0.8468023972244121
0.8474555897750753
0.8445240304268209
0.8464970283092835
0.8484824723948389
0.8362588846827375
0.8402353462551752
0.8421562051877862
0.8383365695438046
0.8399442424386082
0.8398095453084089
0.840620504056786
0.8408617647375689
0.8390898850745057
0.84747352403937
0.8451453924323296
0.8483837006525985
0.8480474563062946
0.8490388164714228
0.8482832162091242
0.8481023841613868
0.8462686950742278
0.8475658444690704
0.6039895484371957
0.6577315710901821
0.5981274192745876
0.5660156119282685
0.5811086115811172
0.5668126359284651
0.6100229950386162
0.5065399041380083
0.6374166654224689
0.8485207881127985
0.8462691401413653
0.8498096426492229
0.8480289944947295
0.8468365009931
0.8469965876723144
0.8485448017395593
0.8469675797905232
0.8475381616425288
0.8393432015715712
0.8421469468396973
0.8403345023578133
0.8409702008425228
0.8416371957539439
0.8401757910731167
0.8403252658682362
0.8415785666943958
0.8404941163403222
0.8494557810189672
0.8480645261251732
0.8505288047529186
0.8461040260278061
0.8483321083677036
0.8477490096299402
0.8479459621706562
0.84771994819139
0.8486702523702089
0.8390866896439272
0.8392444697670793
0.838434889051903
0.8359332313493942
0.8353450748579636
0.836980826124319
0.8374536496033812
0.8368419995249807
0.8371095474135567
0.8407920796630958
0.8391443431780038
0.8416930185440125
0.8388518927030315
0.8388389693940788
0.8392278845785641
0.839934562516175
0.8389021631501683
0.8391097836682786
0.6111214317462805
0.5605679165435417
0.7004283854540662
0.49020948248476415
0.5587544924185636
0.49708609411970633
0.5576234361994385
0.5048076823506529
0.5190889570900211
0.840395879499618
0.8424287835409372
0.8407173494836113
0.8401177007114038
0.8394903219227832
0.8392232475140053
0.8391176022890487
0.8395558266611127
0.8394575805935288
0.8373951108208496
0.8381414938133996
0.8384316249304401
0.8375339621386921
0.8373023796949898
0.837154314341914
0.8376773972026669
0.8379025099651882
0.8363636310912994
0.8416325973673751
0.840245496031345
0.8411828294730069
0.8410813392017629
0.8403363350595541
0.8399128733034038
0.8384704027222769
0.8392292099402414
0.839469124762736
0.8362390776938342
0.8379569840710239
0.8382037626045944
0.8359092210933387
0.8388615663607201
0.839641173933963
0.8370297339277366
0.838054780985767
0.8366934278873149
0.8435604003632248
0.840616373583245
0.8432204160663801
0.8407824532803978
0.8422617836966146
0.8425284773880797
0.8422032445225366
0.843131827160458
0.8386050943538006
0.5141216004033627
0.693037976206134
0.6930937796784873
0.6427766856198447
0.6387182575726368
0.6373687438162943
0.6113741693141026
0.6557376089306252
0.5621860838074022
0.8415135909673802
0.8426022553986959
0.8424348395808472
0.8431378653083929
0.8427051323682363
0.8420546941645746
0.8410246453780814
0.8420150367080772
0.8421169728806234
0.839673473992379
0.8410661067150886
0.8375754962012156
0.8386406194300955
0.8391411190453606
0.8398109358881231
0.8375842407061637
0.8366242435647088
0.8390940878479689
0.8425132056275839
0.8429509960830751
0.8424297374121817
0.8429260623602163
0.8388984628479719
0.8395295169649284
0.8424269816011364
0.8431272239902119
0.8408945252355805
0.8390737529032253
0.83888279624044
0.8404092387169237
0.84099553385562
0.8399802297760415
0.8386609259792024
0.8385912639038334
0.8374596728044521
0.8372299429802936
0.8436036796253463
0.8451754368357358
0.8453880504853082
0.8448271358560084
0.8439308367975003
0.8424823219398835
0.8433915584200442
0.8421044994905807
0.8425533843836306
0.5840781686859937
0.7171209129630565
0.5849566151453273
0.6255218129704758
0.6125211234894459
0.514692009159872
0.6070791982539335
0.5618430141832957
0.5742365451781711
0.8438284025287942
0.8460753962416678
0.8441199153731921
0.8436000477246305
0.8430515843544815
0.8435156409593707
0.843608363062636
0.8432531893832855
0.8447939342403723
0.8408774690867837
0.8393574799997395
0.8403119231810047
0.8389607700958479
0.8392176765300526
0.838820072082731
0.8403054591346896
0.8390027313505574
0.8379177525129066
0.8437453974938135
0.8437398444529073
0.8452990404306359
0.8445379007123941
0.8438870315202471
0.8439266756811856
0.8423845519397097
0.8439224983071769
0.8431539974626496
0.8398173918992219
0.8427719945920845
0.8416362806117605
0.8394529469337227
0.8405711462663632
0.8388933828612698
0.8381553147641073
0.83867843155322
0.840202142613711
0.8479058391333865
0.8436711166203839
0.8463392284726133
0.8442772363675785
0.8441106977289209
0.8469412803085966
0.8428656540875915
0.8435207338500852
0.8433463536766723
0.719897254932705
0.7325519968245702
0.6044879116723194
0.669669164576743
0.630445538298902
0.5987488230500272
0.6121729466853034
0.6839218240810349
0.6425142384550423
0.8445909687128432
0.8463959747124615
0.8445032816875926
0.8451421771179957
0.8451523064826734
0.8449973371402978
0.8446786143533254
0.8453640484006592
0.8453064337148101
0.8420044178953111
0.8418840356752046
0.8391752688292804
0.840519506110646
0.8412940045865518
0.8407404348598913
0.8384648317383242
0.8378651466714532
0.8383799502164836
0.8444590033561354
0.8460103676047963
0.8462871326269304
0.8446011049210741
0.8428402757742604
0.8458171011854814
0.8459905132217364
0.8459024437087018
0.8452778336351388
0.8431553805008367
0.842664528701188
0.8418226989137662
0.8410430673199935
0.8415357508680525
0.8423919310941607
0.8404253672110713
0.841231252101301
0.8402413238836317
0.8489755661964397
0.8485050948630771
0.8481433924641353
0.8488759362735279
0.8465117610825402
0.8483021068131092
0.8466326763996639
0.8494272008911462
0.8469629500461826
0.6636766747492675
0.6940474635701216
0.6965853304786419
0.604643552242527
0.6410790765095549
0.6596899668759223
0.6079835893135696
0.628515117967553
0.6956187184624578
0.8485350296674957
0.8464785641143914
0.8492745105944313
0.8496463622928776
0.8481816850468007
0.848094071376946
0.84659157890942
0.8478952117406438
0.8481545081643741
0.8436268321433481
0.8414014888801369
0.8427688218541824
0.8411394999226889
0.842385911689389
0.840800908265434
0.8413733669107273
0.8411704033920022
0.8405619409132491
0.848494021313676
0.8488837953427595
0.8483122346796961
0.848988502681785
0.8481065055953095
0.8474597530704315
0.8491388934702762
0.8489363655194289
0.84909969086958
0.8438560969314948
0.8427388018458292
0.8450051541267868
0.8446444569597832
0.8443473888273424
0.844310448452829
0.8426908267871657
0.8451495584344645
0.8434187466913684
0.846971757215603
0.8483980836236966
0.8474597755588228
0.8488136507479739
0.849313231952493
0.8492099646472138
0.8494908546612372
0.8484917007470569
0.850148660051644
0.6301440388255691
0.68379763430264
0.7320894064849183
0.6360990910463271
0.5786581915500038
0.6810312470679062
0.6394958456445132
0.5486202784004206
0.6051097479683831
0.8491369897113475
0.8461874877741783
0.8476336651605794
0.8510519381231767
0.8487836226192854
0.8482343073332095
0.8511971978366522
0.8475063368854538
0.849956773487073
0.841967511721538
0.8431909125568747
0.845119629792648
0.8446555298963287
0.8427337514123799
0.8452667707936847
0.845326693737972
0.8442546331361923
0.8448718886546424
0.8466898166353598
0.8489991250865654
0.8477942216084113
0.849644461138585
0.8449936377233375
0.8491120748678421
0.8507483811407978
0.8477900289640872
0.8485211965618215
0.8340022146394442
0.8336885505424462
0.8327816051777941
0.8333365933520696
0.83310959375224
0.8310670328556868
0.8297084519791875
0.8297334147616103
0.8337692388241307
0.8406836779461434
0.8391461378146101
0.8391129742130372
0.8400904793458839
0.8393602215789187
0.839393449938887
0.8376921752931812
0.837874856606781
0.8388025473740036
0.5251543932449286
0.5258220078468663
0.6132000865575369
0.5709144824602579
0.6093014295306698
0.5981712866247373
0.5371827011691594
0.4976727637109704
0.5081744278654856
0.8398224469290871
0.8402154636977869
0.8412183714368752
0.8383458333224739
0.8401232426528166
0.8393893006540877
0.8381696415567866
0.8382923294306959
0.8392795213295285
0.8328974276722982
0.833753597360697
0.8367137590868307
0.8347960926907583
0.8345626669905821
0.8317469089592706
0.8331308240405306
0.8315176885010033
0.8326630662482092
0.8392569319895333
0.837972191328481
0.8391655612091846
0.8398206112141402
0.8389948939015051
0.8382507977174516
0.8387992931944183
0.8386950479803408
0.8396794656994879
0.8357860767123231
0.8353579511302586
0.8359147920943151
0.8336714349296445
0.8312828521500961
0.8329532261694567
0.829982453393393
0.8335717983334174
0.8355392937866217
0.8404844424102537
0.8428228167091637
0.8421326568864412
0.8404673410293182
0.8393132010724503
0.8410956774173876
0.839982991102786
0.8409983060945965
0.8419172248294462
0.526161747482442
0.6289000593311663
0.5717730927179107
0.6469363253593073
0.6591962374261547
0.47017717932376735
0.5169252866288219
0.5638452224345729
0.6488673323614563
0.8426719485254089
0.842104511322096
0.8423900548967047
0.8399151848984998
0.8407321312512588
0.8421718809881502
0.8406099211982078
0.8412335623174719
0.8409895280868825
0.8335764505150779
0.832279768982192
0.8380496813536423
0.8351896169357117
0.8306015156012739
0.8346198560163834
0.8334315546824131
0.8328591084644671
0.8343993518376649
0.8407838689531392
0.8427923345418147
0.8412137218938979
0.8409429612785999
0.8416625999263714
0.8403746241693721
0.8403727824280128
0.8416644206944541
0.8386595132685958
0.8352915418215027
0.8332318888219648
0.8363912808917403
0.8347744046866744
0.8327429048611037
0.8379809593262222
0.8329158709960568
0.8366408965248257
0.8354617733059481
0.8430446601749984
0.843838093789054
0.8428569069269365
0.842247052864067
0.8414001192056035
0.8444520768614205
0.8427877026865275
0.8450933052347184
0.8429833056067035
0.5631522047582405
0.6481810847314547
0.5643343885305485
0.5491580688413885
0.47287239425615396
0.5943829488183118
0.582852208512991
0.5213835440909002
0.5725231979924633
0.8443031005199598
0.8430372719298578
0.843379580862001
0.8423803769490281
0.8438916128149575
0.8430345165784543
0.8422041463521369
0.8418831089057912
0.841356747930042
0.8345770054615631
0.8361219037231999
0.8357759155642794
0.8369587117962608
0.8350600121344428
0.8335491963788139
0.8343209817222489
0.8342356480173377
0.8353275430333029
0.8440660274104197
0.8443750764035137
0.8424744902959344
0.8418692642750292
0.8440719582916225
0.842114659378866
0.8441452929204537
0.8433320618337786
0.8414314873534297
0.834469977589966
0.8372737807899583
0.8369661002967576
0.8331063423134806
0.8369891524426516
0.8356827908341184
0.8355697187881741
0.8342314769080741
0.8327133399298606
0.844119082166381
0.845150464417863
0.8459439488989229
0.8445729511512748
0.8445946749052616
0.8435077769532479
0.8431839722388641
0.8443132232283462
0.8424532411793619
0.6128333210998975
0.6103617435975128
0.6520749588639514
0.4883121354886118
0.5329807232092865
0.6038276192846005
0.5840044188582179
0.5872653615314543
0.5585552360562275
0.8453239680589878
0.8446822447729735
0.8439935063600006
0.8437541267114221
0.8447039325217011
0.8457169237974964
0.8434510513291767
0.8440812041442693
0.8438140752764731
0.836287111024839
0.8363050589762395
0.8363571787062624
0.8351158307366655
0.8370025059569965
0.8339657507749593
0.8388795919404808
0.8351471399482232
0.833822772132972
0.8450079640393516
0.8452819970156142
0.8453889505784848
0.8434178302553793
0.8451103413805934
0.8451186918896936
0.8435198199336131
0.842768803553637
0.8431775278039243
0.8369734663599344
0.8395161800827999
0.8372452037604624
0.8375699074955254
0.8371722417456325
0.838469422838722
0.838740656389058
0.8402279366281882
0.8379195786945461
0.848574733292439
0.8491458156069076
0.8464181244158997
0.8480769768906345
0.8458359890316169
0.8473472006727315
0.8464190544708995
0.8484031473867525
0.8456823583124304
0.6215868026165458
0.697502401956433
0.55186073740719
0.6722077019470258
0.6043070425063946
0.7048304900225391
0.5148018412410732
0.6638358644804454
0.510953719710696
0.8491804176760407
0.849107528131371
0.848148030907619
0.8463936928919276
0.8494470817802057
0.8461501127170228
0.8465173347562475
0.8476530602957068
0.8462723635590106
0.8380164856792993
0.8388177477708842
0.8389944318786993
0.8385898911820467
0.8351199503660691
0.8388620155816557
0.8393989808659249
0.8367552600211109
0.8364572420690812
0.8494931909407898
0.8493114091415584
0.8475723136225142
0.8459872776150765
0.849057697491029
0.8482430754841646
0.8468213358864807
0.848427596479248
0.8484137258021285
0.8420431682788891
0.840322529617495
0.8423891356517945
0.8398196798483106
0.8381797283109853
0.8400309275685782
0.8387263990363085
0.839875936537928
0.8383185929243868
0.8480479238277759
0.8491365804111368
0.8476516564885284
0.8498133321072819
0.8466949147353461
0.8499346257413676
0.8473960816296746
0.8500333445056567
0.847924748191131
0.5594374077596982
0.6717725970646606
0.5441079100770546
0.6385582963245101
0.5575254168819967
0.5845000581167337
0.5978941910819842
0.5923782780945812
0.5578353727437251
0.8486014746580594
0.8502303778752006
0.8511953907897226
0.8479177670671602
0.8481959853675285
0.8468254689987049
0.8476110324270115
0.8470155495718197
0.8469735315428597
0.8408036852029696
0.8390590113797544
0.8414979233213987
0.839395725426581
0.8401264463909917
0.8391816873881002
0.8393131651182626
0.8384690039200848
0.8381801920361672
0.8515754835344718
0.8508111505136219
0.8472927841753106
0.8496089976883129
0.848665093274079
0.8484903013830808
0.8490872027369585
0.8455236692777921
0.8496684468974453
0.8408043471773219
0.8382111687502218
0.8397061886453965
0.8350574038843129
0.8392787834887752
0.8381857448642765
0.8368466280180744
0.8359124524951289
0.8334316178575986
0.8415002012690266
0.8383707227324774
0.8421926176745542
0.8395886135119099
0.8386034401536652
0.8412840901713562
0.8392391271132869
0.8393041665772719
0.8397362397561654
0.5945267514891736
0.6342879953040035
0.6017374906633504
0.5850805819805192
0.6082497198493717
0.6004357416530361
0.6496605824316808
0.6009302522849943
0.654686259309367
0.8395553296204261
0.8405132415987957
0.8411535276940316
0.8375256365608932
0.8396594177573042
0.8413498129404692
0.8407360591941526
0.83925732738133
0.8367139911707305
0.8385001738783237
0.8387559201909447
0.8395680560846689
0.8374863832549184
0.8377034433209893
0.8359267705716416
0.8365102536357554
0.83815855432028
0.8369333474253917
0.8435198027906836
0.8402701561663694
0.8410031764517425
0.8405778448394882
0.8392264494136139
0.8411731500272392
0.8398540572303691
0.8385123570142674
0.8393766162385401
0.8373824549882005
0.839450890481214
0.8384911457925917
0.8345576816049322
0.8368823544929362
0.8396054020567248
0.8387918778814945
0.836750864326915
0.8398224569560837
0.8412128440848274
0.8435626830860181
0.8417661574006304
0.8414640065321499
0.8403967370163627
0.8432012430988106
0.8412672337187498
0.8411189419591993
0.8409076566419508
0.5819080289489923
0.41633331762731574
0.6187183703689
0.46034438599085303
0.5890669402900384
0.5694113232176781
0.6552514277344766
0.5500656364916171
0.5496849033128958
0.8449749338689706
0.8441415936737309
0.8435940302946154
0.8396259058846475
0.8418394732096912
0.8437631160340452
0.8421058900873188
0.8420945901740021
0.8435880138775141
0.8358693289908651
0.8369104511905693
0.8404604276769486
0.838927064817281
0.8392534282341314
0.8388209452443143
0.8385868396692985
0.8400667239685473
0.8401592284070398
0.8410677132997586
0.8429302686490866
0.8427221242863745
0.8444654614696689
0.8416999154003555
0.8439738926323054
0.8416355910674236
0.8400240385942374
0.8436150402709381
0.8381929173257703
0.8403377326871064
0.8397553218934464
0.8400870387401316
0.8385151146468551
0.8408548141712527
0.839464069494538
0.840411746194887
0.8404089643119482
0.8437185962215705
0.8475536554429043
0.8457442312011156
0.8444474519177814
0.8416291628305943
0.8440281247549226
0.8430448517934132
0.8415368719711708
0.8433594859512545
0.6574336325795435
0.6191999066408314
0.67479044056623
0.6712258427856435
0.5331761465979196
0.5431552546398994
0.5546765174544833
0.5992024877497626
0.6581983211140245
0.844009686189306
0.8441806038303594
0.8421227599546504
0.8442790841183256
0.8444988959608102
0.8429355192298559
0.8438321197185635
0.8439844914847091
0.8409706239404938
0.8398958126092623
0.8403563939480175
0.8398233312837945
0.8395710387703422
0.8390760063451459
0.840981260228153
0.8372797946620067
0.8403582029356562
0.8375394412624184
0.846910796455895
0.845755684991164
0.8459010281891745
0.8437799656516104
0.8428285604577137
0.8442352468704455
0.8431920476109672
0.8426214216333673
0.8417045413654207
0.8408952154864038
0.844618155741433
0.84301375532676
0.8416146432193248
0.840981736670086
0.8404392148720629
0.8405949073466605
0.8391185549345824
0.8412711639002687
0.8457963307579789
0.8460610752881392
0.8487665796468814
0.8426940112884882
0.8460228009294122
0.8454249386309163
0.8456925143873928
0.8439926029131426
0.8446035913321304
0.6724620731545334
0.6873601018954794
0.6938484677500976
0.6344024442702201
0.6150412189361748
0.6531416309052329
0.627827405001173
0.5940674860436914
0.6042035990828369
0.8460984475619092
0.84717235321617
0.8480852568873075
0.844895348194086
0.846285030142166
0.8460237348402944
0.8422844381525041
0.8450509927297662
0.8443814354472572
0.8423125469199852
0.8430169586052934
0.8430448471203901
0.8375274414543167
0.8416729548378239
0.8402650853639875
0.8394082076519569
0.8397809163734589
0.8408681992306309
0.8467153950960112
0.8454834888874643
0.8447567374975608
0.8440908351914782
0.843918334841583
0.8436387335540985
0.8459484765858031
0.8444771775778209
0.8453965564543502
0.8447694400178802
0.846452252324284
0.8441204161591065
0.8424970308288003
0.8431152102056003
0.8426308280190373
0.8411883269994215
0.8423139254894345
0.8402680801280212
0.8489183868571594
0.850938868477583
0.8471903216812052
0.84762993200252
0.8466856733259016
0.8477807987052076
0.8490327648236435
0.8484621749193979
0.8484266511709564
0.6740650922280753
0.6677312638123201
0.6497484491214724
0.6698161148605604
0.6117467224916082
0.6569480045386609
0.5613678310968053
0.5405168853491145
0.6130096906064406
0.849420769853908
0.8485336508852492
0.8491449005498432
0.8472456704467151
0.8496541670222572
0.8480603726184807
0.8489926339724667
0.8474874233504597
0.8485216699905485
0.8460071255801779
0.8446236403297872
0.8447421852347132
0.8434173489957211
0.8440327423953675
0.8430879865248487
0.8427420126148182
0.8402841920239996
0.8421026560979165
0.8492818445507908
0.8508701652614212
0.8475381803686682
0.8474768440668716
0.8483025492585874
0.8468272967465307
0.8505855194988048
0.8487513787052403
0.8489802040100439
0.8448201980064438
0.8452044497054896
0.8436069596129567
0.8427175704935534
0.8430279810834052
0.8424020301224925
0.8417289970886721
0.8431959421702615
0.8428407270040003
0.8457672661189612
0.8499196892968717
0.8474537252559209
0.8475319711159532
0.8461542667514521
0.8482974506819358
0.8470967002508327
0.8461763971839901
0.845627948454277
0.6197479449169733
0.6706162033211411
0.6060004655924761
0.6059801486226983
0.5737220487354453
0.661951157217782
0.639038167235101
0.6568022150031145
0.6189061046024824
0.8501429335566784
0.8470888854774332
0.8472639842973063
0.8474163901024664
0.8445831363879437
0.8471437225277725
0.8474657430581404
0.8466919283895635
0.8473608115512647
0.8439923630749184
0.845717407457505
0.8458174839796933
0.8437245193569612
0.8477291492545156
0.8381121885871124
0.8462446672326249
0.8421181308487009
0.842728618073204
0.8477240891685927
0.8463328193619821
0.8492893165187987
0.8476198167164943
0.8471677562595975
0.8469843499411619
0.8480229901219406
0.847518787089131
0.8453645278217508
0.8327854058520984
0.8337531218976302
0.8314205034596774
0.8282866945576236
0.8336993780739972
0.8185078754458258
0.8290702751526855
0.8284663776513659
0.8277941896218242
0.8405923727243068
0.8418618476002042
0.8405886763120403
0.8380229314420928
0.8399875953285056
0.8411835124717071
0.8370692035280708
0.8364556377570838
0.8389552506343142
0.6030762460727156
0.6188060383860549
0.6288191408552196
0.595070561770083
0.5475102520286057
0.4707862084735906
0.5178899099108994
0.5361540640377995
0.5372937833563649
0.8385467246246858
0.8407739072459293
0.8400754639111266
0.8385404721231001
0.8394218135255036
0.8390560084953856
0.8383488003973568
0.8356461069300456
0.839040311304663
0.8327350525247705
0.8257573333617246
0.8319595532686407
0.8290451280550425
0.8309064511275663
0.8283106133109518
0.8283106331095883
0.8311709851429347
0.8285217619624932
0.8386002707013492
0.8405857203962345
0.8416757151942139
0.8373786853482168
0.8424124356455934
0.8393931843692448
0.8387093623116257
0.8363652279298648
0.8394501735541539
0.8346951270557209
0.8352596903286076
0.8354797453374617
0.82895837379157
0.829222413115531
0.8347426593709905
0.8309631318259262
0.8320661179598161
0.8368523755799473
0.8427376465845298
0.840500540516984
0.8417834686494551
0.8430171708309736
0.8399804336856134
0.8419732390506681
0.8411957043067939
0.8417898967330704
0.8425205544542005
0.6108586327545558
0.5564902499713159
0.5919757921927482
0.5368563711242049
0.6593785871370628
0.5073599421753409
0.45863519122231705
0.5870948463534429
0.5248208400683131
0.8416826514435451
0.8431486612863989
0.8433776505460019
0.8413707978578124
0.8411615925794965
0.8403084389263237
0.8397859644746524
0.8419444174503419
0.8403864222043842
0.8325962487628107
0.8347721099280803
0.8358836302053403
0.8344531884322957
0.8278085549477918
0.8300608254154707
0.8312087481695258
0.8343756773487392
0.8333072622156145
0.842315344294548
0.8434727147509464
0.8401799442393341
0.8430875401468814
0.8396342252998441
0.8422172740558386
0.8430148554991617
0.840909044199947
0.8408170327930448
0.8377888016848214
0.8352291873497076
0.8338385021710455
0.8347892020310649
0.8243579448671097
0.8321288423218103
0.8285528456868594
0.8305299596322472
0.8328946813775367
0.845149059929734
0.8454735518306636
0.8451437325632808
0.841456581302884
0.8430589472342145
0.8446213484992805
0.8435924628986486
0.8422802733420328
0.8445102207798924
0.6012099472191362
0.6546665449808071
0.6051112053344485
0.5239286995938348
0.5377835668254975
0.5131724740902087
0.5192001085969263
0.5740743208548016
0.5860883708049158
0.844072914699408
0.8442959324591088
0.8432245492637233
0.8449142817830733
0.8423739106045052
0.8422934106982083
0.8422641595734405
0.843005893363489
0.8434461596582794
0.8359523267652106
0.8371939318266154
0.835771537021525
0.8367820015569689
0.8318663784290325
0.8295600523315375
0.8321775201097152
0.8307242286958878
0.8347569476133583
0.8450985806446463
0.8444250957341831
0.8444250534982267
0.8419155385480288
0.8427916100051324
0.8431177628646314
0.8417257425941471
0.8422673676101156
0.8411438531936669
0.8352017925982234
0.837761156889367
0.8391337423763792
0.8354447034019505
0.8342591634117484
0.8362568291750476
0.8335349098303105
0.8324471865790238
0.8366366975136138
0.8478296999034048
0.8465241814946317
0.846373373183452
0.8452666966211485
0.8461438460942258
0.8445473247346827
0.8444425996398719
0.8448128182391373
0.8436627977754834
0.5867886166413031
0.5850937265356185
0.6070900552429788
0.5463303565618215
0.48363799999162965
0.6354379585433412
0.4651888177349318
0.5106225165581938
0.5896574427709507
0.8472334662523762
0.8470454765963785
0.8443757092927668
0.8439086544254606
0.8438776859423955
0.8447495635720234
0.8424620112540024
0.8452012079362274
0.8442742133355857
0.8375720744407691
0.8403852895251067
0.8343458428898289
0.8332810105449269
0.8328697504976462
0.8317997935297351
0.8363238706240107
0.8377373627404096
0.8343237113166986
0.847527994740453
0.8478592194492954
0.8459932679347488
0.8447186586897377
0.8425339210002363
0.8438136160625882
0.8435933486407927
0.8444322052673361
0.8436360433015654
0.8402099531992651
0.8419416576982955
0.8406242234426207
0.8363682847710511
0.8386511936916735
0.8389948960975705
0.8406721476002319
0.8372248458847095
0.8355530952621439
0.849736249407575
0.8489322221759229
0.8477227045301717
0.8475238565891949
0.8474966506812518
0.8501666453021098
0.8488556435647407
0.8469984509998051
0.8492680585328456
0.649981272088928
0.6343724978087797
0.5896247344167256
0.6051238236094839
0.5929484593199833
0.6105845015799071
0.516853935591857
0.6239281440403459
0.5604225868592072
0.8491070512297962
0.8511247986423301
0.8494202839467626
0.8468757024532039
0.848654511556093
0.8470602402677656
0.8480765329640892
0.847357779973343
0.8477480612573711
0.8384717829685668
0.8390963942848646
0.8413179806929383
0.8402735935716541
0.836024952340472
0.8402823746776932
0.836231678876937
0.8356209078162941
0.838218018425205
0.8498511423748161
0.8471142384253569
0.8501661758569433
0.8479630135017281
0.8474219446074166
0.8477342073486582
0.8484870582519178
0.8479178330853138
0.8461704347237065
0.8398136629290084
0.8394082787261683
0.8378974435294018
0.8391134488334275
0.8361731642681491
0.8397993942554566
0.8381568779296689
0.8374075365954265
0.8368260471916708
0.8465662164792599
0.8483438414059877
0.8489271463940902
0.8446409483526086
0.848697425984073
0.8475713947010556
0.8495035840791028
0.8452814930803034
0.8484310235766443
0.6634828810210152
0.5343459914232269
0.578561807412898
0.5786496015144271
0.4839842038618457
0.6102421253241004
0.6320000414762712
0.5590924079813184
0.5583982885887417
0.8496193500036415
0.8483927728809482
0.8462271918247156
0.8461344529189961
0.8494507307387318
0.8479828716640633
0.8449260879554442
0.8443113719026087
0.846882407069765
0.8412063208468876
0.8382383774075025
0.8415592479278701
0.8342005555638095
0.8354951976934857
0.8347697879825363
0.8353321161736311
0.8345595306324618
0.8398912110903212
0.8493149210598551
0.846619915377182
0.8481733934569451
0.847248942637442
0.8447452075942667
0.8460108474685057
0.8472987424307249
0.8492996582368347
0.8465625274808426
0.8394789908304441
0.8354825749465207
0.8385808668245192
0.8384948040801404
0.8359659655627155
0.8389379245237446
0.8373579379027944
0.8372520579212072
0.8351459886704845
0.8396870546537325
0.840611022545249
0.8403820226798414
0.8402136133083562
0.8411200838483326
0.840626042304042
0.8398422828243401
0.8385593709325392
0.8389570660909831
0.6815369219986912
0.6406248272105989
0.5670144757532676
0.620432028197855
0.6257370874799901
0.4700319946978553
0.5793448031906222
0.5886049412303704
0.5545945761536031
0.8413053167229305
0.8415336640196147
0.8408670776593589
0.8377978158451148
0.840815396442325
0.8409454715399484
0.8385532032859014
0.8396762221512427
0.8395795714156211
0.8360056355487027
0.8375915987171005
0.8394292033368302
0.8346512498530684
0.8387386063119486
0.8382307313725799
0.8349496750879931
0.8387111623703006
0.8347210830161936
0.8410783424544608
0.8400515049646936
0.8417841430085954
0.8386498103555702
0.8414554443761777
0.8381363750380532
0.8401003910032298
0.8370304927843255
0.8364224006894607
0.8381735289746123
0.8396300999419439
0.8400143475723105
0.8366235719123469
0.8373328635562034
0.8395359913787152
0.8383815775275851
0.8358305474963597
0.8383599041128663
0.8426119555623837
0.8425468933376271
0.8423581997692363
0.8402194158144247
0.8408698390116391
0.840656025455948
0.8404567277833225
0.8424878404906455
0.8420985147802383
0.648594589609824
0.63319044716762
0.6248702033829471
0.5429883298352612
0.5126568981398019
0.568693820859609
0.5494337795499472
0.5933631570576969
0.640232142820236
0.8424098881873221
0.841827020639711
0.8411763804671866
0.8408158457568913
0.8444052254594403
0.8415202692396676
0.8406675242738502
0.8408919695718555
0.8418597876833598
0.8382625882194485
0.838790560129439
0.8389808171868433
0.8410792990324836
0.8389227048814998
0.8381087216115508
0.8393788947394402
0.8374755452111936
0.838367491271104
0.8415977529660366
0.8435861882661708
0.8417855149217534
0.8444758613493925
0.8426806630344862
0.8409911190522499
0.8399733440021683
0.8421757732492365
0.8399308493780613
0.8412377199098678
0.8398941887454727
0.8419374906917586
0.8416776198043306
0.8383490380820747
0.8401213957021859
0.8395221292645484
0.8423517626204668
0.8412494844165783
0.8440265438505996
0.8447249502778835
0.8455984285849352
0.8429897321581802
0.843283823461122
0.8467255312361468
0.8418120244843659
0.8440661594541752
0.8409575243770726
0.5565897901672916
0.6678820296034592
0.6470011468595402
0.6746580620310854
0.5934350935610305
0.5498920084472146
0.6640662632789149
0.5550168119785569
0.5163405050931289
0.8438546974143046
0.8433232052613974
0.8457432443888895
0.8424421744650017
0.8443337417137291
0.8432185169719629
0.8438177747785526
0.842131688255594
0.8444460772552856
0.840418440665285
0.8396171468754533
0.8376813420586696
0.8392699983991758
0.8393473197369314
0.8372582762901475
0.8394504213424753
0.8380766466147325
0.8396769539315363
0.8430485539171519
0.8424032041184433
0.8466076853237468
0.8470736091034974
0.8441877002977742
0.8428107216956663
0.8448304122516049
0.8426137566339724
0.841243931741683
0.8397417382359105
0.8428416663880223
0.8417041304309283
0.8412667858937628
0.8395599388341083
0.841423144062405
0.8404772514694651
0.839681728674716
0.8401117019053856
0.8458272282179038
0.8461217050303477
0.8447722207687385
0.845515341852915
0.845760068683607
0.8424204826220592
0.8452669589052043
0.8442106092323243
0.8457291806974062
0.6508947219515485
0.6638720915294887
0.6416291520322086
0.632124284966767
0.6579048146145887
0.6744489140739081
0.5395429676189941
0.5820660751833552
0.5736503579031025
0.8460068627258257
0.845694789858063
0.8488044215956391
0.8474396292022639
0.8426882816356145
0.8467380685674442
0.8449170407435147
0.8449504573767281
0.8433712355962198
0.8421169784303701
0.8439340083096913
0.8429662395160291
0.8417433127222749
0.8398452440260247
0.8403552138150001
0.8432669836237086
0.83990961641704
0.8405960640720036
0.8469126449216404
0.8445298257829089
0.8437416383234442
0.8449950129305936
0.8444112903857548
0.8465244506052165
0.8466381899113922
0.8484010430549096
0.8454643775374056
0.846525638449999
0.8447163781289622
0.8458908689307683
0.8428951511450908
0.8453368401264131
0.8439031031550257
0.8418194072308307
0.8415818437709428
0.8440839723315905
0.8502427867451807
0.8496112813474133
0.849440587635877
0.8474768151945693
0.8479717770732907
0.8484944301712691
0.8478163281566097
0.8478822808561164
0.8488408906013009
0.7101446797872779
0.650364080838908
0.6924979135502906
0.6485744837517339
0.6406851327352368
0.5644393272906113
0.6536802369685283
0.6997961140061058
0.6605060643227689
0.8500993269456778
0.848171976337184
0.8504494491701532
0.8505103304459111
0.8495397382738874
0.8503580997035559
0.8487984591353552
0.8486420742564285
0.847800648372685
0.8454881117201569
0.843790565806332
0.8456297784832871
0.8433043659329872
0.8433633809531667
0.8442970588821535
0.8420556457546351
0.842050502065011
0.8430833764089071
0.85157594380383
0.8496518715146175
0.8497256938380893
0.84922788602452
0.8480349597979814
0.8474985421830707
0.8477254627926388
0.8485207390503131
0.8470455299658763
0.8464749240422694
0.845357140410775
0.8429023671363469
0.8440876150934671
0.8426137548124297
0.8441088408704601
0.8421759897734169
0.8441831516546416
0.8423861109514735
0.8482285188121624
0.8473612694968791
0.8479141345025176
0.8475333546818773
0.8477363380417982
0.8475593733408697
0.8460781761924092
0.849444505500703
0.8497723124496834
0.6748596478358049
0.5350676010035685
0.6335899556249703
0.6409281476126764
0.5649691688481648
0.6022700401185676
0.5761097734002893
0.58774350344907
0.5458644284346272
0.8510329960904027
0.8503295123746832
0.8512346169342833
0.8498008415572859
0.8484653739590142
0.8463531064529274
0.8498386610006283
0.8476571858664037
0.848331145865411
0.8454046404234535
0.8426022239558051
0.8449507435706595
0.8443591268791248
0.8438887808055482
0.8431442812115056
0.8426027199920899
0.8434339562640574
0.8445876902063002
0.8497088519067528
0.8496158818449284
0.8479935178510407
0.8497692749900517
0.8505564937250384
0.8506159449259512
0.8499539797470833
0.8492237847297093
0.8486596110179804
0.8298198623941235
0.8291914526847061
0.8350528134733773
0.8223049726412883
0.8242125958969794
0.829257222839464
0.8282616081241608
0.8289013744945457
0.8260365307966022
0.8419511328088974
0.8391325954822593
0.8416782691470509
0.8402461464635861
0.837937820083489
0.840604797119959
0.8388347822824779
0.8382221850231716
0.8372032242307427
0.5606634601663861
0.5437668518265316
0.6566811230772155
0.5659477925188618
0.585422634182609
0.49752861102621704
0.4500369492343183
0.5546941627297578
0.5346221104690903
0.8397608641668224
0.8399723797549401
0.840024973117975
0.8387148912128358
0.8400191718886887
0.8414056263504441
0.8401169837502962
0.8373923498175566
0.8374001365357945
0.8374395767531135
0.8289441025644535
0.8318084771066345
0.8311540624083064
0.829389235130687
0.8335870687915955
0.8301023401730468
0.8303795265311926
0.8253630874996644
0.8396208462243188
0.8403550196089732
0.8399059334535467
0.8402256117715806
0.8399781424934977
0.8395788911747706
0.8393742672592601
0.8369266727451183
0.8394298985841278
0.8354929177455656
0.8343283450701355
0.8365243845625912
0.821820271303852
0.8314876505070441
0.8325865161348064
0.8372675840411972
0.8282775640909799
0.8327610603651616
0.8421130210704135
0.841724873603386
0.8412672441458048
0.8413276535419978
0.8430395365904386
0.839585317590057
0.8413934092095333
0.8410183703200097
0.8416079138076527
0.614570592109887
0.5529127183962025
0.5113085271259088
0.5668276636788511
0.46847686090284146
0.4000267903823545
0.6379649663561255
0.6027192046120324
0.5257686936870571
0.842483904248667
0.8436159584518631
0.8423303130246109
0.8410360968869455
0.8435795251620565
0.8411906339981012
0.8416289124631728
0.841085262446098
0.8411777532145092
0.8335960189425393
0.8359054706902074
0.836353718667884
0.8326616997826555
0.8311966320306021
0.8356470583328445
0.8292765058656629
0.834571287189075
0.8278389233368196
0.8419564423599827
0.8426195354259386
0.8421467181265024
0.8422066857411442
0.841401492957328
0.8404505189136422
0.8416099400685173
0.8405773534251553
0.8410024262347132
0.8357856327517302
0.8369951249810029
0.8351720334524417
0.8337773050204254
0.8334578403665794
0.8337794170129615
0.8270192864421233
0.8306074688687254
0.8329213734593625
0.8449627552102766
0.8440195837679999
0.8441208770668556
0.8437181626114256
0.8426294407249092
0.8440799889422997
0.8416962561254288
0.8418272808894273
0.8412806094746414
0.6569820267518193
0.5384858772251527
0.46420987433880984
0.5562620492300814
0.5076276737854337
0.5427238415542328
0.4897521320424062
0.6020098312743281
0.6301141671761201
0.8431972903097341
0.8435050266919493
0.843788484941747
0.8442389412143244
0.8427004831487107
0.8440970925107889
0.8431119470204443
0.8428568816296244
0.8425406727555975
0.8317633111774428
0.8363670672708734
0.8371195025666177
0.8333873593077538
0.8311139639193031
0.8340151688635512
0.8286468881808631
0.8352426439940102
0.833904845580814
0.8436281468481497
0.8449225878431275
0.8438703836417238
0.8435102889254846
0.8444557565137922
0.8415612716351701
0.844072420331452
0.8433313706296246
0.842904885764875
0.8363754032757272
0.8378174255211543
0.835989077138567
0.8391272938046648
0.8333728594695853
0.8357402081985921
0.8355664479933956
0.8368451698625321
0.8338156038678358
0.8462288241578273
0.8453052488491866
0.8477734255346097
0.8466612487135773
0.8450088589743279
0.8453495151874026
0.8430956280995454
0.8433137912235459
0.8424896956126826
0.5633478749116414
0.5521259829083981
0.5594321449994903
0.6267566274942586
0.4919999911838186
0.6077745380417915
0.5856901529977896
0.5130513219789227
0.5643344050010394
0.8468711396292766
0.8448935576091353
0.8497727314534395
0.8462705364921354
0.8452169198780408
0.8440583689736856
0.8453903085747163
0.8435114643684554
0.8434923241886534
0.8389307397370462
0.8388279653186554
0.8374168079156231
0.8343439928408735
0.8359073693760543
0.8352010987298504
0.8353680758985202
0.8363206872973279
0.8330124678770033
0.8444774243787639
0.846576805534488
0.8445120464678426
0.8444437246329203
0.8456269950426742
0.8461703833800367
0.8428393449361675
0.8425221785903704
0.8424126231953286
0.8414951292579576
0.8418411199534187
0.8395811700076342
0.8395198460821133
0.8400954950338322
0.839686802771196
0.8342835651952061
0.8384449889314232
0.838479138017369
0.849342808102396
0.8475990597037171
0.8495817447777597
0.8491872952444602
0.8481959612618798
0.8483546758151391
0.8476313675419928
0.8488058034081153
0.8465684859575656
0.6306521100553116
0.6600292110678531
0.6505769511536306
0.5413891154706553
0.6257519117102228
0.5765208184640404
0.52593440498359
0.4995520671162206
0.5929482600249152
0.84904065259494
0.8500231941506786
0.8495397826378144
0.8493293833095544
0.84901109491582
0.8477300256676374
0.8493344648454191
0.847379449574739
0.8470016946587048
0.8410278270704833
0.8385995330733931
0.8412040577354695
0.838417763326986
0.8398423128712823
0.8385967829482848
0.8402998877251429
0.83960561104789
0.8372705841847399
0.8498423833996693
0.8481876666928656
0.8510159422227904
0.8485940947375392
0.8463530661406562
0.849077953070989
0.8489912569436677
0.8488976216389282
0.8486181095900107
0.8388366267987102
0.8381537272375402
0.8375074144002905
0.8374010696720953
0.8411879378383225
0.8376400631898043
0.8373471162529537
0.8377516977044955
0.838124839576501
0.8495958057028812
0.8482511080244794
0.8520999686872879
0.8480649303182553
0.8497454817774013
0.8463355360524194
0.8483140892739964
0.8495305356445755
0.8470247192261023
0.5234182778122421
0.5448663573200981
0.5822441519148004
0.6561617655265669
0.5195406390352465
0.5746571571212475
0.5606724186249263
0.5506888344674289
0.5919955440597701
0.8516744363403937
0.8505449562802176
0.8470072371959493
0.8470858418807348
0.8474025457270609
0.8485479646207026
0.8474380775788136
0.8461272791126252
0.8474892739271518
0.839770814536206
0.8411975861476272
0.8397440003769742
0.8401264262178321
0.8358284548938899
0.8393241961593269
0.8383384299432081
0.8347924647055083
0.8408319356922153
0.8486628458415467
0.8467461111007081
0.8465395115785403
0.84855556372111
0.8484187914377982
0.8469979761070345
0.848388822892281
0.8472544779055393
0.846209174790884
